	type	p	R_naught	infectious_period	incubation_time
0	real-subtrees	0.447322979907068	2.34129521938888	1.64756834145495	1.36992889477116
0	CNN		2.1211965	1.50499366579465	1.3265337975160099
0	FFNN		2.1211965	1.50499366579465	1.3265337975160099
0	CNN-subtrees		2.380379676818848	1.5345431566238403	1.3390588760375977
0	real	0.447322979907068	2.34129521938888	1.64756834145495	1.36992889477116
0	FFNN-subtrees		2.52698302268982	1.5866295099258425	1.354786396026611
0	BEAST2		2.26945994743363	1.6411408038809099	1.2804941305353101
1	CNN		3.2002650000000004	3.1515233274575603	4.3307140011560605
1	BEAST2		3.2682440431525803	3.2763869737786298	4.17950985159761
1	real-subtrees	0.6225767763228239	3.3684089866500497	3.71345840136623	3.96239667724268
1	FFNN-subtrees		3.0944924354553223	2.7401137351989746	4.869176387786865
1	CNN-subtrees		3.147617816925049	2.919510126113892	4.582887649536133
1	FFNN		3.2002650000000004	3.1515233274575603	4.3307140011560605
1	real	0.6225767763228239	3.3684089866500497	3.71345840136623	3.96239667724268
2	BEAST2		4.32662684174412	8.52250503498336	34.9700367938886
2	CNN-subtrees		3.779720067977905	8.563730239868164	27.713947296142575
2	CNN		4.487149700000001	8.68400171309773	34.4531462310742
2	real	0.997036566631611	3.90961894078582	7.83229215772936	33.006439091525
2	FFNN-subtrees		3.617043495178223	8.84991455078125	26.85895919799805
2	real-subtrees	0.997036566631611	3.90961894078582	7.83229215772936	33.006439091525
2	FFNN		4.487149700000001	8.68400171309773	34.4531462310742
3	CNN		4.184746700000001	2.19902229232144	8.312243391927261
3	real-subtrees	0.8293398478248979	3.99018693635541	2.3660999627382098	8.305388994870441
3	FFNN-subtrees		4.284417629241943	2.1219656467437744	8.503500938415527
3	BEAST2		3.0	5.5	25.1
3	real	0.8293398478248979	3.99018693635541	2.3660999627382098	8.305388994870441
3	FFNN		4.184746700000001	2.19902229232144	8.312243391927261
3	CNN-subtrees		4.2449560165405265	2.1061065196990967	8.154849052429201
4	FFNN		1.8918337	6.6191211097441895	23.4519652538249
4	BEAST2		1.9300180029822498	6.479290137815941	23.844907497023396
4	real	0.6549452351128721	1.83993658224913	7.014782251317482	21.380250288025998
4	CNN-subtrees		1.9331246614456177	6.442049026489258	23.039873123168945
4	real-subtrees	0.6549452351128721	1.83993658224913	7.014782251317482	21.380250288025998
4	FFNN-subtrees		1.9807945489883425	6.618906497955322	23.562856674194336
4	CNN		1.8918337	6.6191211097441895	23.4519652538249
5	real	0.4271495730639	1.39576548632954	4.857964876447388	1.08224803459855
5	FFNN-subtrees		1.3717117309570312	3.968308448791504	1.7871918678283691
5	BEAST2		1.3812631485238	5.283290423256781	0.924667122547999
5	CNN-subtrees		1.362032771110535	4.0523414611816415	1.6920529603958132
5	real-subtrees	0.4271495730639	1.39576548632954	4.857964876447388	1.08224803459855
5	FFNN		1.382581	4.41422234116167	1.42138331642254
5	CNN		1.382581	4.41422234116167	1.42138331642254
6	FFNN		4.511586	5.80869032892967	2.6133761530382595
6	FFNN-subtrees		4.457841873168945	5.645740509033202	2.4334850311279297
6	real	0.032288791520142	4.57630768648155	7.44422540338845	2.00971263215509
6	real-subtrees	0.032288791520142	4.57630768648155	7.44422540338845	2.00971263215509
6	CNN-subtrees		4.426027297973633	5.12042236328125	2.85501766204834
6	CNN		4.511586	5.80869032892967	2.6133761530382595
6	BEAST2		4.5118387528331105	8.53522343860127	1.41162422076747
7	CNN		3.0761309	5.37878835050994	21.4879981386172
7	FFNN-subtrees		3.1842470169067383	5.493617534637451	20.277587890625
7	real-subtrees	0.315735053639742	2.93422571137233	4.65107236136891	19.6314123635054
7	CNN-subtrees		3.107445240020752	5.382468223571777	20.82106208801269
7	BEAST2		3.2277455432474302	5.320206263644111	21.455692524417
7	FFNN		3.0761309	5.37878835050994	21.4879981386172
7	real	0.315735053639742	2.93422571137233	4.65107236136891	19.6314123635054
8	BEAST2		2.02261738060598	5.395394065031709	15.465296925666001
8	CNN		1.9829441000000003	5.6206040612388595	14.6587009872838
8	FFNN-subtrees		2.0108344554901123	4.850069522857666	16.315607070922848
8	real-subtrees	0.969111940083884	1.97755200114107	4.7202067967406	18.3465213657537
8	real	0.969111940083884	1.97755200114107	4.7202067967406	18.3465213657537
8	CNN-subtrees		1.994869589805603	5.178267002105713	15.529784202575685
8	FFNN		1.9829441000000003	5.6206040612388595	14.6587009872838
9	BEAST2		1.13061629938281	6.30373759832718	25.608418821858695
9	CNN-subtrees		1.183413863182068	6.789289474487305	26.73204231262207
9	real-subtrees	0.488340826384015	1.18040544994298	6.04629817569697	24.8912650642141
9	real	0.488340826384015	1.18040544994298	6.04629817569697	24.8912650642141
9	CNN		1.0792652	6.99506063733676	24.8695492392528
9	FFNN		1.0792652	6.99506063733676	24.8695492392528
9	FFNN-subtrees		1.1166212558746338	6.932285785675049	26.11129379272461
10	CNN-subtrees		2.408390045166016	8.984870910644531	13.208318710327148
10	real	0.097229373886524	2.2674253628172902	9.542159842085098	12.220976398606801
10	BEAST2		2.1555054492627503	9.51997196129421	11.723273832416599
10	FFNN-subtrees		2.356227397918701	9.76646900177002	12.037973403930664
10	real-subtrees	0.097229373886524	2.2674253628172902	9.542159842085098	12.220976398606801
10	CNN		2.2834632000000004	9.96530156025031	11.955006051421002
10	FFNN		2.2834632000000004	9.96530156025031	11.955006051421002
11	BEAST2		3.91580237602206	7.3571442474348405	5.356792119128981
11	CNN		4.063081700000001	7.07055641342872	5.72624668341071
11	CNN-subtrees		3.690099000930786	7.411606311798097	4.316258907318115
11	FFNN		4.063081700000001	7.07055641342872	5.72624668341071
11	real	0.9794623100045532	4.56919357228227	8.59893534439089	5.65168750145494
11	real-subtrees	0.9794623100045532	4.56919357228227	8.59893534439089	5.65168750145494
11	FFNN-subtrees		3.5887393951416016	6.9540467262268075	4.847955226898193
12	CNN		2.1845284	1.80855726966732	0.880473751746328
12	FFNN		2.1845284	1.80855726966732	0.880473751746328
12	real	0.859900914773923	2.2585479965509	1.80470002750226	0.992186161376722
12	real-subtrees	0.859900914773923	2.2585479965509	1.80470002750226	0.992186161376722
12	BEAST2		2.18634627254691	1.8456003346767	0.871544142491485
12	CNN-subtrees		2.460447072982788	1.749470353126526	0.9405953884124756
12	FFNN-subtrees		2.408860683441162	1.8186783790588381	0.8958647847175598
13	FFNN-subtrees		3.147013902664185	8.576907157897951	17.93268394470215
13	CNN		2.990968	8.78683223604618	17.508659707891198
13	CNN-subtrees		3.0593662261962886	8.408318519592285	18.112876892089844
13	BEAST2		2.88097403247177	8.996083542105731	16.5195536588657
13	FFNN		2.990968	8.78683223604618	17.508659707891198
13	real-subtrees	0.82375001633051	3.2787066250248	9.47698129018983	18.046665397648106
13	real	0.82375001633051	3.2787066250248	9.47698129018983	18.046665397648106
14	FFNN-subtrees		2.3429574966430664	7.094269752502441	5.9227943420410165
14	real-subtrees	0.014676794147326	2.3771992733411	8.10354452399305	6.077078517359822
14	BEAST2		2.0999267380245104	8.67179441050829	3.85446351682514
14	real	0.014676794147326	2.3771992733411	8.10354452399305	6.077078517359822
14	CNN		2.146707	6.145314311702111	5.01052839719033
14	FFNN		2.146707	6.145314311702111	5.01052839719033
14	CNN-subtrees		2.147653818130493	4.916034698486328	5.991848945617676
15	real-subtrees	0.025057708098227	3.85206131224802	3.34186576530052	7.1937893590756214
15	BEAST2		3.5002269647412003	3.0214274692433305	6.76179776576797
15	real	0.025057708098227	3.85206131224802	3.34186576530052	7.1937893590756214
15	CNN-subtrees		3.1227591037750244	2.7615909576416016	6.0190911293029785
15	CNN		3.1908498	2.86503606373179	5.669787809406049
15	FFNN		3.1908498	2.86503606373179	5.669787809406049
15	FFNN-subtrees		3.483741044998169	2.7501084804534908	6.8756842613220215
16	FFNN		3.2122936	1.67991161376625	6.08279749039012
16	BEAST2		3.1479616656552003	1.9931422565438799	5.25956252641521
16	real	0.129623054853193	3.9949479425893	1.79149065871374	7.38398069737347
16	CNN-subtrees		3.461540699005127	1.7176263332366943	6.558823585510254
16	CNN		3.2122936	1.67991161376625	6.08279749039012
16	FFNN-subtrees		3.522289276123047	1.9460458755493164	6.222827911376952
16	real-subtrees	0.129623054853193	3.9949479425893	1.79149065871374	7.38398069737347
17	FFNN-subtrees		1.5483719110488892	9.139325141906738	19.675111770629886
17	BEAST2		1.5521469839373	9.21894792856487	19.603666489847697
17	CNN-subtrees		1.6047515869140625	9.11527156829834	20.031930923461914
17	real-subtrees	0.758180898887686	1.67504542234068	9.408068157617633	21.790845559297104
17	CNN		1.6062517	9.512003606306608	19.452453336457502
17	real	0.758180898887686	1.67504542234068	9.408068157617633	21.790845559297104
17	FFNN		1.6062517	9.512003606306608	19.452453336457502
18	real-subtrees	0.638127425862025	3.35014910331084	2.8506096825024505	8.739977543098709
18	real	0.638127425862025	3.35014910331084	2.8506096825024505	8.739977543098709
18	FFNN-subtrees		3.556068420410156	2.563255071640014	9.19906997680664
18	CNN		3.1046967999999997	2.48209805824693	9.15840539046265
18	CNN-subtrees		3.379145860671997	2.6355645656585693	8.91413402557373
18	FFNN		3.1046967999999997	2.48209805824693	9.15840539046265
18	BEAST2		2.23848651093174	9.62964735933245	0.20839737197247896
19	FFNN-subtrees		3.552508354187012	5.2828407287597665	14.571856498718262
19	CNN		3.4658208	4.6242297586089505	16.9563364169565
19	real	0.5576676637930279	4.38306193150078	5.97037742114318	15.8028742621907
19	FFNN		3.4658208	4.6242297586089505	16.9563364169565
19	CNN-subtrees		3.1917660236358643	4.5802268981933585	14.834677696228027
19	BEAST2		3.74885646323344	5.37020853722513	15.0472603555764
19	real-subtrees	0.5576676637930279	4.38306193150078	5.97037742114318	15.8028742621907
20	CNN		2.2830357999999995	5.44918994283507	18.1143206345778
20	real-subtrees	0.5988352752009151	2.23882941248729	4.68487788135906	20.1502523773989
20	CNN-subtrees		2.3623833656311035	5.7267189025878915	17.69620132446289
20	FFNN-subtrees		2.491129875183105	5.091962814331055	19.596359252929688
20	FFNN		2.2830357999999995	5.44918994283507	18.1143206345778
20	real	0.5988352752009151	2.23882941248729	4.68487788135906	20.1502523773989
20	BEAST2		2.21100643657002	4.98901397836259	18.157769769932802
21	BEAST2		3.92361615118994	8.705334661975911	24.1626661112329
21	FFNN-subtrees		3.7124528884887695	9.23348617553711	22.18792724609375
21	CNN-subtrees		3.661267280578613	8.781003952026367	21.930892944335934
21	FFNN		3.7518510000000003	9.241691240056038	20.630866018933002
21	real-subtrees	0.23075669136252305	4.84630092843636	8.57823430254331	33.9322694028504
21	real	0.23075669136252305	4.84630092843636	8.57823430254331	33.9322694028504
21	CNN		3.7518510000000003	9.241691240056038	20.630866018933002
22	FFNN		1.1773236	4.08328190808553	3.1467149424991203
22	real	0.360060548741338	1.15322918801059	6.06706834696025	1.50727662168014
22	BEAST2		1.21710802795206	7.034030931747839	0.508292087513434
22	CNN		1.1773236	4.08328190808553	3.1467149424991203
22	FFNN-subtrees		1.1776666641235352	4.272200584411621	2.57858681678772
22	real-subtrees	0.360060548741338	1.15322918801059	6.06706834696025	1.50727662168014
22	CNN-subtrees		1.148610234260559	3.860531091690064	3.0802397727966313
23	CNN-subtrees		3.5929203033447266	7.221860408782959	26.59513664245605
23	real-subtrees	0.359062840569089	4.0298254642134905	8.61847006257589	31.702659014339694
23	real	0.359062840569089	4.0298254642134905	8.61847006257589	31.702659014339694
23	FFNN		3.5834637000000003	7.4044183838534705	28.8263721347367
23	BEAST2		3.61129734663827	7.3567256394940195	29.8137295218279
23	CNN		3.5834637000000003	7.4044183838534705	28.8263721347367
23	FFNN-subtrees		3.663935661315918	7.6638221740722665	26.85159111022949
24	CNN-subtrees		4.064014434814453	5.057891368865967	4.72743034362793
24	FFNN-subtrees		4.180388450622559	4.92217493057251	5.086898326873778
24	CNN		4.0908723	5.53851634532792	4.851217324464231
24	BEAST2		4.40997888163798	5.58987139474563	5.091083084523481
24	real	0.7447356683104871	3.96924042504782	5.741129579712732	4.1433916364608105
24	real-subtrees	0.7447356683104871	3.96924042504782	5.741129579712732	4.1433916364608105
24	FFNN		4.0908723	5.53851634532792	4.851217324464231
25	CNN		1.1458127	5.457505726521701	8.80624382259594
25	BEAST2		1.16164996045287	4.876297124047639	9.35045903817537
25	FFNN		1.1458127	5.457505726521701	8.80624382259594
25	CNN-subtrees		1.1399182081222534	5.6199164390563965	7.891622543334961
25	real-subtrees	0.305363243821061	1.14050229224415	5.70262350311393	8.18360677598547
25	real	0.305363243821061	1.14050229224415	5.70262350311393	8.18360677598547
25	FFNN-subtrees		1.1267298460006714	5.073500156402588	8.340313911437987
26	CNN-subtrees		2.3945131301879883	4.748960971832275	12.398853302001953
26	real	0.25997681994349	2.3195963941993702	4.94215234992223	12.369233789476096
26	FFNN-subtrees		2.432973623275757	4.859819889068604	12.35657787322998
26	CNN		2.4588354	5.187188026912231	12.5153262415165
26	FFNN		2.4588354	5.187188026912231	12.5153262415165
26	real-subtrees	0.25997681994349	2.3195963941993702	4.94215234992223	12.369233789476096
26	BEAST2		2.38028314336654	5.16823504686124	12.0295994268102
27	CNN		1.8416622	6.80799091935947	9.787208451936891
27	BEAST2		1.9055491716461	7.552066930750929	10.1110313262254
27	FFNN		1.8416622	6.80799091935947	9.787208451936891
27	FFNN-subtrees		2.0051317214965816	6.157929420471191	11.526731491088867
27	CNN-subtrees		2.0030453205108643	6.631296157836914	10.471793174743652
27	real	0.05227976387643	2.01054887873158	8.23266690239892	9.85695683057168
27	real-subtrees	0.05227976387643	2.01054887873158	8.23266690239892	9.85695683057168
28	BEAST2		3.8487197216573	4.8699591455773605	9.143830222278869
28	real	0.611773575618017	2.9959329963935697	5.109194842728192	6.2192864554992315
28	FFNN-subtrees		3.666336297988892	4.225842952728272	9.242219924926758
28	real-subtrees	0.611773575618017	2.9959329963935697	5.109194842728192	6.2192864554992315
28	CNN-subtrees		3.564250469207764	4.2156410217285165	9.552900314331056
28	FFNN		3.8949992999999994	4.603326505746709	9.892100476495802
28	CNN		3.8949992999999994	4.603326505746709	9.892100476495802
29	real-subtrees	0.158022100106939	3.05616761536964	7.48664516109171	33.3288729984297
29	BEAST2		2.78914210101881	7.421570504460111	32.8020776532969
29	CNN		2.8424462999999998	7.795467745616451	32.1668939671663
29	CNN-subtrees		2.7725145816802983	7.973917007446289	29.667490005493164
29	real	0.158022100106939	3.05616761536964	7.48664516109171	33.3288729984297
29	FFNN		2.8424462999999998	7.795467745616451	32.1668939671663
29	FFNN-subtrees		2.7705860137939453	8.348492622375487	28.57380676269531
30	CNN-subtrees		1.4338455200195312	1.27394700050354	5.025236129760742
30	FFNN		1.5217358	1.30321187277778	5.24800559917354
30	real	0.600737301602517	1.72017666453168	1.3904637788918	5.198780985185599
30	BEAST2		1.4397515234705502	6.0260443879078	0.208998651643385
30	CNN		1.5217358	1.30321187277778	5.24800559917354
30	real-subtrees	0.600737301602517	1.72017666453168	1.3904637788918	5.198780985185599
30	FFNN-subtrees		1.4685863256454468	1.2785425186157229	5.0468363761901855
31	BEAST2		2.8760596537316094	9.619380122192132	0.209746116309136
31	FFNN		3.9803328999999996	2.97689795659171	7.29499150139358
31	real	0.8219365221323579	4.83352257416964	3.60292218047322	7.090688112857809
31	FFNN-subtrees		4.030087947845459	2.9162473678588867	7.1581645011901855
31	CNN		3.9803328999999996	2.97689795659171	7.29499150139358
31	CNN-subtrees		3.7921068668365483	2.7838447093963623	7.00115442276001
31	real-subtrees	0.8219365221323579	4.83352257416964	3.60292218047322	7.090688112857809
32	FFNN		1.68367	1.8317516557440001	4.01219981191388
32	FFNN-subtrees		1.8028483390808103	2.2186574935913086	3.42494797706604
32	CNN-subtrees		1.8426693677902224	1.8369598388671875	4.1639084815978995
32	real-subtrees	0.08444202266268201	1.7399685310640298	1.7272479769518403	4.2394156550818805
32	real	0.08444202266268201	1.7399685310640298	1.7272479769518403	4.2394156550818805
32	CNN		1.68367	1.8317516557440001	4.01219981191388
32	BEAST2		1.7079832315617098	2.01620626247021	3.8756463516737902
33	CNN-subtrees		3.9901864528656006	2.69164776802063	6.409790515899657
33	CNN		3.6386453999999997	2.32078461968956	7.54508906920597
33	real	0.223869740549289	3.1633138530102496	2.3009547883799	5.968402263527241
33	real-subtrees	0.223869740549289	3.1633138530102496	2.3009547883799	5.968402263527241
33	FFNN-subtrees		3.5843019485473637	2.522326946258545	6.371898174285889
33	BEAST2		3.33063533616095	2.3968633800665198	6.76772722662284
33	FFNN		3.6386453999999997	2.32078461968956	7.54508906920597
34	CNN		1.1435363	4.3511067884655	4.770696501869501
34	real-subtrees	0.931273334593158	1.01487423149525	3.76321413276263	5.59779217084995
34	FFNN-subtrees		1.178362488746643	4.149427413940431	5.378659248352051
34	FFNN		1.1435363	4.3511067884655	4.770696501869501
34	BEAST2		1.23157182770684	4.16201811661835	5.22395317293346
34	real	0.931273334593158	1.01487423149525	3.76321413276263	5.59779217084995
34	CNN-subtrees		1.1762962341308594	4.074364185333252	5.382140159606934
35	BEAST2		1.5315879665313	7.647333990282941	11.4955640835072
35	real	0.350139560960445	1.49083594837275	8.31526735909764	9.797076646017231
35	FFNN-subtrees		1.5310786962509155	6.421924114227295	11.875946044921875
35	FFNN		1.4963737	8.07907350880414	10.7222358993445
35	CNN-subtrees		1.4923009872436523	7.117218017578125	10.64061164855957
35	CNN		1.4963737	8.07907350880414	10.7222358993445
35	real-subtrees	0.350139560960445	1.49083594837275	8.31526735909764	9.797076646017231
36	FFNN		3.2360352999999997	7.22576731774296	16.3677725226176
36	real	0.344795403114044	3.93105259210447	8.881937125846449	19.120369433643894
36	real-subtrees	0.344795403114044	3.93105259210447	8.881937125846449	19.120369433643894
36	BEAST2		3.3438802689935696	7.80735870375983	16.6469129144511
36	CNN		3.2360352999999997	7.22576731774296	16.3677725226176
36	CNN-subtrees		3.511786937713623	6.84718656539917	18.304935455322266
36	FFNN-subtrees		3.4589431285858154	6.849987983703612	18.13291549682617
37	real	0.501978464893768	1.3742650754093502	5.0642598963171785	4.42532693694412
37	CNN		1.3732386	5.18245168284938	4.3799777332768794
37	FFNN		1.3732386	5.18245168284938	4.3799777332768794
37	CNN-subtrees		1.3944276571273804	4.789361476898193	4.471653938293457
37	FFNN-subtrees		1.3996154069900513	4.608161449432373	4.677511215209961
37	BEAST2		1.38906632095728	5.02723374484888	4.66673827383043
37	real-subtrees	0.501978464893768	1.3742650754093502	5.0642598963171785	4.42532693694412
38	CNN-subtrees		2.409276247024536	4.990888595581055	17.843793869018555
38	FFNN-subtrees		3.332012176513672	4.852187633514403	19.709754943847656
38	real	0.6273096415059279	3.07727365292248	4.79475713949371	19.9546589141951
38	BEAST2		3.0546866129297996	4.36383507210278	20.6246648662064
38	real-subtrees	0.6273096415059279	3.07727365292248	4.79475713949371	19.9546589141951
38	FFNN		2.5455105	4.38237106754862	18.3779596103218
38	CNN		2.5455105	4.38237106754862	18.3779596103218
39	FFNN		1.5504229999999999	9.11943242431342	37.1333097084846
39	FFNN-subtrees		1.4838258028030396	9.21142578125	35.27607345581055
39	real-subtrees	0.9395324424236692	1.57146328585449	9.00104682996095	40.278398416515294
39	CNN		1.5504229999999999	9.11943242431342	37.1333097084846
39	BEAST2		1.5159351621708999	8.9371448334044	36.917813957128
39	CNN-subtrees		1.5020605325698853	9.475954055786133	35.145267486572266
39	real	0.9395324424236692	1.57146328585449	9.00104682996095	40.278398416515294
40	real	0.629964716453568	4.15494070501744	8.42586425725603	9.89966373192251
40	BEAST2		3.8105625165773795	7.2265760829363295	10.6605422049455
40	real-subtrees	0.629964716453568	4.15494070501744	8.42586425725603	9.89966373192251
40	FFNN		3.8622763	6.59247856652714	11.952322053357802
40	FFNN-subtrees		3.944672346115112	6.577094078063965	11.398649215698242
40	CNN-subtrees		3.85629940032959	7.057443141937256	11.24213695526123
40	CNN		3.8622763	6.59247856652714	11.952322053357802
41	BEAST2		4.41479505353634	1.08529031908838	5.58455917792758
41	CNN		4.068155	1.1686697445046899	4.8017551355888
41	FFNN		4.068155	1.1686697445046899	4.8017551355888
41	real-subtrees	0.063667672771548	4.06637523247667	1.2671220979304298	4.585213929314009
41	FFNN-subtrees		3.765068769454956	1.1112685203552246	4.1482295989990225
41	CNN-subtrees		3.7202847003936768	1.0992976427078247	4.110182285308838
41	real	0.063667672771548	4.06637523247667	1.2671220979304298	4.585213929314009
42	CNN-subtrees		3.9283323287963863	1.423686981201172	3.3750011920928955
42	BEAST2		4.02565436852247	1.54542541084519	3.66795796260149
42	FFNN-subtrees		3.9661252498626713	1.3700499534606934	3.6892573833465576
42	real	0.279079521428259	4.5466895597653405	1.57023406761289	4.05503296613634
42	FFNN		4.3742166	1.5391203182832398	3.8652718833588797
42	CNN		4.3742166	1.5391203182832398	3.8652718833588797
42	real-subtrees	0.279079521428259	4.5466895597653405	1.57023406761289	4.05503296613634
43	real	0.776957855461345	4.80629529834599	9.42142780554648	39.83771800058121
43	CNN-subtrees		3.8688230514526367	8.704407691955566	37.34344100952149
43	real-subtrees	0.776957855461345	4.80629529834599	9.42142780554648	39.83771800058121
43	FFNN		4.1944594	8.72705209130087	40.473089708679
43	CNN		4.1944594	8.72705209130087	40.473089708679
43	BEAST2		4.4807965220798796	7.825716704481571	45.429977831367395
43	FFNN-subtrees		4.1365370750427255	8.505019187927246	37.58708572387695
44	CNN-subtrees		2.588061571121216	1.2170228958129885	1.0904637575149536
44	FFNN-subtrees		2.599935531616211	1.2320338487625122	1.059813141822815
44	BEAST2		2.43841274907955	1.3667327825331	0.9001421736271908
44	FFNN		2.4642124	1.3156327107819599	0.9351478430761999
44	CNN		2.4642124	1.3156327107819599	0.9351478430761999
44	real	0.8341353021594431	2.4445386604725297	1.17593932653749	0.983107476013022
44	real-subtrees	0.8341353021594431	2.4445386604725297	1.17593932653749	0.983107476013022
45	real-subtrees	0.09000617059791301	4.77510273876587	9.33148927935169	2.77326229778473
45	BEAST2		4.57660457922556	8.59667033890828	3.0642564944073905
45	FFNN		4.5448794	8.24668720452696	2.85068208693692
45	real	0.09000617059791301	4.77510273876587	9.33148927935169	2.77326229778473
45	FFNN-subtrees		4.3685874938964835	6.361459732055664	3.861139297485352
45	CNN-subtrees		4.231171131134033	6.6943092346191415	3.389055728912353
45	CNN		4.5448794	8.24668720452696	2.85068208693692
46	real-subtrees	0.539501293138565	2.23886091636104	3.83566473414944	1.96570680900873
46	CNN		2.2066202	3.8974368286342798	1.7688614238324698
46	FFNN-subtrees		2.4900803565979004	3.983474969863892	1.8312082290649412
46	BEAST2		2.29211999764565	4.303658093977971	1.6282574619319998
46	real	0.539501293138565	2.23886091636104	3.83566473414944	1.96570680900873
46	CNN-subtrees		2.4095146656036377	3.641237497329712	2.069283962249756
46	FFNN		2.2066202	3.8974368286342798	1.7688614238324698
47	FFNN-subtrees		2.349772930145264	5.686269760131836	5.415104866027832
47	CNN		2.2322992999999998	5.6008747901317895	5.374820631120759
47	real-subtrees	0.434385290645901	2.22277830859191	5.752676712336661	4.61600262271279
47	CNN-subtrees		2.258941173553467	5.546587467193604	5.357146263122559
47	BEAST2		2.2582943005339704	6.34561410355842	4.6318665299355795
47	real	0.434385290645901	2.22277830859191	5.752676712336661	4.61600262271279
47	FFNN		2.2322992999999998	5.6008747901317895	5.374820631120759
48	BEAST2		3.45743901320247	3.8721125202975397	16.866314209940697
48	FFNN		3.3031059999999997	4.079384096644991	15.8828490987396
48	FFNN-subtrees		3.4056453704833984	3.976768493652344	15.526421546936035
48	real	0.566260800361252	4.05565609960046	4.59774369860301	17.3380303847144
48	CNN-subtrees		3.322405815124512	4.053301334381104	15.517601013183596
48	CNN		3.3031059999999997	4.079384096644991	15.8828490987396
48	real-subtrees	0.566260800361252	4.05565609960046	4.59774369860301	17.3380303847144
49	FFNN-subtrees		1.4837926626205444	8.500640869140625	22.28994369506836
49	FFNN		1.4276857	8.45246784118263	21.6175109497271
49	CNN-subtrees		1.496675968170166	7.2953200340271	24.164291381835934
49	CNN		1.4276857	8.45246784118263	21.6175109497271
49	real	0.257488166109756	1.38279094301121	8.25984993600249	22.0417235655544
49	BEAST2		1.4319849795674	7.873519758342099	22.7561794727896
49	real-subtrees	0.257488166109756	1.38279094301121	8.25984993600249	22.0417235655544
50	real	0.28866648045017795	1.19204012687899	1.8394465602146897	7.2323203353165315
50	CNN-subtrees		1.1294275522232056	1.876769542694092	7.92634391784668
50	BEAST2		1.1511080909339	9.54028818789641	0.20921616469765
50	real-subtrees	0.28866648045017795	1.19204012687899	1.8394465602146897	7.2323203353165315
50	FFNN		1.1521845	1.7808117184423402	8.10464147489408
50	CNN		1.1521845	1.7808117184423402	8.10464147489408
50	FFNN-subtrees		1.1535111665725708	1.94878613948822	7.957540035247803
51	real-subtrees	0.41069160617170297	2.9568373329385698	2.08831109833742	4.3321703692853
51	FFNN		2.5568642999999995	1.80479178455336	3.9822265546548397
51	CNN		2.5568642999999995	1.80479178455336	3.9822265546548397
51	real	0.41069160617170297	2.9568373329385698	2.08831109833742	4.3321703692853
51	FFNN-subtrees		3.1228175163269043	1.6476995944976809	5.272992134094238
51	CNN-subtrees		2.973387718200684	1.7348530292510986	4.899222373962402
51	BEAST2		2.8782908833454	1.73921108049746	4.690371703481969
52	CNN-subtrees		3.573095321655273	3.6095666885375977	6.047215938568115
52	BEAST2		3.82017377004859	4.08997305952303	6.7459980724334505
52	FFNN-subtrees		3.6664984226226807	3.3812046051025386	6.785685062408447
52	real	0.06056769338979099	4.27641779593199	4.6382280649679295	6.33109710938554
52	real-subtrees	0.06056769338979099	4.27641779593199	4.6382280649679295	6.33109710938554
52	CNN		3.5558254999999996	3.95467599468553	6.066549621070269
52	FFNN		3.5558254999999996	3.95467599468553	6.066549621070269
53	CNN-subtrees		4.331878662109375	6.811283588409424	7.774168491363525
53	real	0.117591641176865	4.35271400703464	7.75783270825485	7.26935607694258
53	FFNN-subtrees		4.368701934814453	6.5239219665527335	8.044852256774902
53	real-subtrees	0.117591641176865	4.35271400703464	7.75783270825485	7.26935607694258
53	FFNN		4.404443700000001	8.10279710626168	6.54215164714302
53	BEAST2		4.63995251584502	7.4190681942164405	8.35669474466093
53	CNN		4.404443700000001	8.10279710626168	6.54215164714302
54	FFNN-subtrees		2.27368426322937	7.067329406738281	12.339823722839355
54	BEAST2		2.0663020704491397	7.6389453215615495	10.7624136227251
54	CNN		2.0303292	7.623170730005961	10.692307713349802
54	CNN-subtrees		2.2826707363128658	7.3986735343933105	11.290684700012207
54	real-subtrees	0.571322235379891	1.9749805222978705	6.95358021316218	11.2720391262409
54	real	0.571322235379891	1.9749805222978705	6.95358021316218	11.2720391262409
54	FFNN		2.0303292	7.623170730005961	10.692307713349802
55	BEAST2		4.62994850210196	2.15916319850666	3.35583826793136
55	real	0.8474586090916709	4.43540423997807	1.97779544752107	3.84759677864091
55	CNN		4.581233	2.2713081575580096	3.06932069219082
55	real-subtrees	0.8474586090916709	4.43540423997807	1.97779544752107	3.84759677864091
55	CNN-subtrees		4.1791419982910165	2.06366229057312	2.9471552371978764
55	FFNN-subtrees		4.297954559326172	2.209493398666382	2.82391357421875
55	FFNN		4.581233	2.2713081575580096	3.06932069219082
56	FFNN-subtrees		1.5753769874572754	8.131149291992188	19.335826873779297
56	real-subtrees	0.06207959311582401	1.54557110208534	8.4706660782534	19.2260019225785
56	CNN		1.570857	9.98634407375252	17.8337857885281
56	BEAST2		1.5480556416639097	8.85765851910056	19.730526583308002
56	FFNN		1.570857	9.98634407375252	17.8337857885281
56	CNN-subtrees		1.6185086965560913	7.5445518493652335	21.641212463378906
56	real	0.06207959311582401	1.54557110208534	8.4706660782534	19.2260019225785
57	real	0.219527252953044	4.05290603811312	5.1933479085512815	8.14385438762776
57	CNN		4.7057734	5.67937824174816	8.39132882222909
57	FFNN		4.7057734	5.67937824174816	8.39132882222909
57	real-subtrees	0.219527252953044	4.05290603811312	5.1933479085512815	8.14385438762776
57	FFNN-subtrees		4.311126232147217	5.059220790863037	8.519998550415039
57	BEAST2		4.5944062060578705	5.478446672226469	8.73684369021725
57	CNN-subtrees		4.351952075958252	4.90539026260376	8.633379936218263
58	real-subtrees	0.331334667592652	1.8210565986674896	5.1841243890638	1.09452613528114
58	real	0.331334667592652	1.8210565986674896	5.1841243890638	1.09452613528114
58	BEAST2		1.7035837928131898	5.0303185913008495	0.8672007257361322
58	FFNN		1.6781735	4.54661412800267	1.23423095831505
58	CNN		1.6781735	4.54661412800267	1.23423095831505
58	FFNN-subtrees		1.7127288579940796	3.755097150802612	1.6384382247924805
58	CNN-subtrees		1.7195638418197632	3.971450090408325	1.4238319396972656
59	FFNN-subtrees		3.5613112449646	1.7826708555221558	6.847148895263673
59	FFNN		3.0179534	1.9295654679469498	6.04992192638113
59	CNN		3.0179534	1.9295654679469498	6.04992192638113
59	CNN-subtrees		3.42458438873291	1.9351284503936768	6.229215621948242
59	BEAST2		2.4446718085013903	7.31775106460186	0.20731964493167498
59	real	0.63595888224514	3.33964334277251	1.96657819449216	5.2546910677685394
59	real-subtrees	0.63595888224514	3.33964334277251	1.96657819449216	5.2546910677685394
60	real	0.880710646337615	1.7008125808656498	6.131473674946902	8.129917510361299
60	CNN-subtrees		1.6321121454238892	5.574779510498047	7.777292251586914
60	CNN		1.61156	5.45566777604991	8.23105500223932
60	BEAST2		1.63914378798614	5.799248210609901	7.87111702501963
60	FFNN		1.61156	5.45566777604991	8.23105500223932
60	FFNN-subtrees		1.7064882516860962	5.73407506942749	7.698378086090088
60	real-subtrees	0.880710646337615	1.7008125808656498	6.131473674946902	8.129917510361299
61	real	0.7442083574994129	4.1752821167205285	4.756490698987291	14.2755218086949
61	FFNN		2.917541	4.730872756026121	7.805221222756081
61	real-subtrees	0.7442083574994129	4.1752821167205285	4.756490698987291	14.2755218086949
61	CNN-subtrees		2.9187376499176025	4.347174167633057	8.185646057128906
61	FFNN-subtrees		2.9983057975769043	4.393054485321045	8.738917350769043
61	CNN		2.917541	4.730872756026121	7.805221222756081
61	BEAST2		2.97461221762386	4.44413675496694	8.82280730850142
62	BEAST2		3.71047059999036	3.19234805400157	5.98818506012897
62	CNN		3.8735592000000003	2.88483588914949	6.570948455594749
62	real	0.137429473566679	3.11403048797976	2.55698851154331	5.9214301428623495
62	CNN-subtrees		3.9315664768218994	2.8009662628173833	6.701624393463135
62	FFNN-subtrees		3.774960994720459	3.003924369812012	6.183501243591309
62	FFNN		3.8735592000000003	2.88483588914949	6.570948455594749
62	real-subtrees	0.137429473566679	3.11403048797976	2.55698851154331	5.9214301428623495
63	FFNN-subtrees		3.825688600540161	10.00169277191162	32.130538940429695
63	FFNN		3.9848470000000002	10.4030644127602	33.516910740669
63	real-subtrees	0.07098842626741701	4.74473762596172	9.53062746445857	46.4074913934626
63	CNN		3.9848470000000002	10.4030644127602	33.516910740669
63	real	0.07098842626741701	4.74473762596172	9.53062746445857	46.4074913934626
63	CNN-subtrees		3.7886695861816406	9.84987735748291	31.68654823303223
63	BEAST2		3.63682592654988	9.21780727751837	33.264193663351804
64	CNN-subtrees		1.1275596618652344	6.718829154968263	23.68619155883789
64	real	0.524067573402039	1.07081631306504	5.4030220590378	26.517426896718696
64	real-subtrees	0.524067573402039	1.07081631306504	5.4030220590378	26.517426896718696
64	BEAST2		1.1720169153215	6.30074637930294	25.4440658767517
64	FFNN		1.1124698	6.48174707082335	24.8156111100482
64	FFNN-subtrees		1.1499102115631104	7.141589164733888	23.653547286987305
64	CNN		1.1124698	6.48174707082335	24.8156111100482
65	FFNN-subtrees		4.001932621002196	2.0351800918579097	1.7125779390335083
65	real	0.7316640407464409	4.155766622055831	2.2182581502140803	1.84043303226318
65	FFNN		3.8335958	2.26149245740325	1.50591843191266
65	CNN-subtrees		3.8091752529144287	1.9304221868515012	1.7694692611694336
65	real-subtrees	0.7316640407464409	4.155766622055831	2.2182581502140803	1.84043303226318
65	CNN		3.8335958	2.26149245740325	1.50591843191266
65	BEAST2		3.9587825925110494	2.39545318372741	1.46976221461716
66	BEAST2		2.85271026889912	6.24685964039577	16.273702168195502
66	CNN-subtrees		2.801354169845581	5.817764759063722	16.616950988769528
66	real-subtrees	0.669291842439362	3.00169853563115	6.149145168814959	19.4952790150872
66	FFNN		2.7777543	5.77554839829717	16.6045046383731
66	FFNN-subtrees		2.8357355594635014	6.121397972106934	16.467145919799805
66	real	0.669291842439362	3.00169853563115	6.149145168814959	19.4952790150872
66	CNN		2.7777543	5.77554839829717	16.6045046383731
67	BEAST2		1.04244436514968	9.937643333176581	0.21629215629212398
67	real	0.526703751306	1.28529114964054	2.82993173871808	11.5654912504229
67	FFNN		1.2587837	3.05351916389664	10.0982703575117
67	FFNN-subtrees		1.3570990562438965	2.72246527671814	10.731616020202637
67	CNN-subtrees		1.3570820093154907	3.047863006591797	10.44707202911377
67	CNN		1.2587837	3.05351916389664	10.0982703575117
67	real-subtrees	0.526703751306	1.28529114964054	2.82993173871808	11.5654912504229
68	FFNN		3.1882957999999997	3.46721121035519	11.5060645345048
68	real	0.177217400892237	3.96998251544246	3.98798162887253	13.837922024670501
68	BEAST2		3.1552081704811603	3.7974245238955198	10.8993011145137
68	CNN-subtrees		3.1334428787231445	3.552845001220703	11.087546348571776
68	FFNN-subtrees		3.257289409637451	3.76362419128418	11.160614013671877
68	real-subtrees	0.177217400892237	3.96998251544246	3.98798162887253	13.837922024670501
68	CNN		3.1882957999999997	3.46721121035519	11.5060645345048
69	real-subtrees	0.35063685813030804	3.7147277137717096	3.19199639687581	12.6435250018444
69	real	0.35063685813030804	3.7147277137717096	3.19199639687581	12.6435250018444
69	CNN-subtrees		3.4804706573486333	3.3535802364349365	10.382401466369627
69	CNN		3.3730027999999996	3.49354303567564	9.89823529660642
69	FFNN		3.3730027999999996	3.49354303567564	9.89823529660642
69	BEAST2		2.0625475157141597	9.906213987216821	0.21549553320405201
69	FFNN-subtrees		3.564678192138672	3.4205894470214844	10.489219665527344
70	real	0.584157405024765	3.6066449205014495	2.5858653820535498	3.67237663053145
70	CNN		3.8058553	3.01458511927172	3.0422411493561
70	FFNN		3.8058553	3.01458511927172	3.0422411493561
70	BEAST2		3.8268266426375095	2.90276204918172	3.2741439470819502
70	real-subtrees	0.584157405024765	3.6066449205014495	2.5858653820535498	3.67237663053145
70	FFNN-subtrees		3.8805065155029297	2.9825611114501958	3.0373239517211914
70	CNN-subtrees		4.027253150939941	2.766728162765503	3.319951057434082
71	real	0.4615968161577801	3.76390209661753	8.23173143529876	7.652435272194282
71	BEAST2		3.5817489752617204	9.01250979501118	6.42646690941581
71	FFNN-subtrees		3.675957679748535	8.082490921020508	7.0133724212646475
71	CNN-subtrees		3.688090085983277	7.641275882720947	7.173055648803711
71	FFNN		3.9367360000000002	8.696402539291629	7.240714387215941
71	CNN		3.9367360000000002	8.696402539291629	7.240714387215941
71	real-subtrees	0.4615968161577801	3.76390209661753	8.23173143529876	7.652435272194282
72	real	0.319331660323189	1.1050831595465902	4.616292823897731	14.6961620763065
72	CNN-subtrees		1.0708483457565308	5.2378830909729	14.577582359313965
72	CNN		1.073659	5.44679710139215	14.6119422437092
72	FFNN		1.073659	5.44679710139215	14.6119422437092
72	BEAST2		1.10332863933141	4.87062528511674	15.0303858085043
72	FFNN-subtrees		1.0633482933044434	5.5573697090148935	13.846786499023438
72	real-subtrees	0.319331660323189	1.1050831595465902	4.616292823897731	14.6961620763065
73	FFNN		2.4075499	7.6601725601937405	19.4177508356038
73	CNN		2.4075499	7.6601725601937405	19.4177508356038
73	CNN-subtrees		2.717205047607422	7.751473903656006	21.484962463378906
73	real-subtrees	0.7415413138540641	2.30992974319742	7.259459586966162	21.9750525123642
73	real	0.7415413138540641	2.30992974319742	7.259459586966162	21.9750525123642
73	FFNN-subtrees		2.627350091934204	7.829405307769775	20.966339111328125
73	BEAST2		2.42669032684585	7.7851344627092995	19.1844534542983
74	CNN		3.3044538	2.64862241034384	6.90828740766608
74	BEAST2		3.0	5.5	25.1
74	FFNN-subtrees		3.1810245513916016	2.7473561763763428	6.264909744262695
74	real	0.32800346569803995	3.5023546014584	3.0992487172362995	6.35722610832178
74	real-subtrees	0.32800346569803995	3.5023546014584	3.0992487172362995	6.35722610832178
74	FFNN		3.3044538	2.64862241034384	6.90828740766608
74	CNN-subtrees		3.231185913085937	2.431236743927002	6.996144771575928
75	real	0.605017677164895	3.9837586048527793	7.83541433837908	17.3018441189359
75	real-subtrees	0.605017677164895	3.9837586048527793	7.83541433837908	17.3018441189359
75	BEAST2		3.6339771556579	7.4327300532184895	17.6402094232652
75	CNN		3.4887452000000003	7.612022350578769	16.626562664872598
75	FFNN-subtrees		3.8485727310180655	7.22811222076416	18.608848571777344
75	FFNN		3.4887452000000003	7.612022350578769	16.626562664872598
75	CNN-subtrees		3.844752073287964	7.3807716369628915	17.7816162109375
76	CNN-subtrees		3.5157690048217773	2.268115282058716	7.251683712005615
76	real	0.691824159284543	2.94847853908803	2.25787090243505	5.7917705331150495
76	FFNN-subtrees		3.473975419998169	2.175976514816284	7.275341510772705
76	BEAST2		2.7219125959448	8.704334163840059	0.208814613371566
76	CNN		3.5200481	2.21617520367771	7.52985413044538
76	real-subtrees	0.691824159284543	2.94847853908803	2.25787090243505	5.7917705331150495
76	FFNN		3.5200481	2.21617520367771	7.52985413044538
77	BEAST2		4.37922178656777	1.26979283888953	3.02574698380234
77	FFNN		4.1177244	1.28717712400779	2.73819310383623
77	FFNN-subtrees		4.39778995513916	1.1009800434112549	3.300524473190308
77	real	0.362849399126009	3.6423107674294704	1.12685501265667	3.29533276549363
77	CNN-subtrees		4.289198398590088	1.1580255031585691	3.052722454071045
77	real-subtrees	0.362849399126009	3.6423107674294704	1.12685501265667	3.29533276549363
77	CNN		4.1177244	1.28717712400779	2.73819310383623
78	CNN		4.258643599999999	10.995250685355801	33.5038075248096
78	FFNN-subtrees		3.7259368896484375	9.30451202392578	32.36358642578125
78	FFNN		4.258643599999999	10.995250685355801	33.5038075248096
78	real-subtrees	0.90701115427255	4.78418623789866	9.73926986512073	40.0273567897926
78	real	0.90701115427255	4.78418623789866	9.73926986512073	40.0273567897926
78	BEAST2		4.01450072910006	9.57444569052861	36.7015550004581
78	CNN-subtrees		3.841618299484253	10.57334804534912	29.943796157836914
79	FFNN		1.0586505	5.31477142488375	7.4416248760545995
79	FFNN-subtrees		1.086933732032776	5.636866092681885	6.6744346618652335
79	real	0.176087602239528	1.1109038286238	4.96084152558445	7.44992680532855
79	CNN		1.0586505	5.31477142488375	7.4416248760545995
79	BEAST2		1.07542086409867	6.10478414695516	6.735546554842191
79	real-subtrees	0.176087602239528	1.1109038286238	4.96084152558445	7.44992680532855
79	CNN-subtrees		1.079074144363403	4.968675136566162	7.709817409515381
80	FFNN-subtrees		3.6243464946746826	4.963873386383057	17.002403259277347
80	real	0.7823454687341759	4.31499703164031	4.81485810636534	21.4907377532297
80	real-subtrees	0.7823454687341759	4.31499703164031	4.81485810636534	21.4907377532297
80	CNN		3.8276784	4.8594862884488705	19.3605852329272
80	BEAST2		4.20474503468849	4.983289109689389	20.6220028600213
80	FFNN		3.8276784	4.8594862884488705	19.3605852329272
80	CNN-subtrees		3.3630492687225337	4.808443069458008	16.644180297851562
81	CNN-subtrees		3.0864791870117188	7.468607425689697	27.5136661529541
81	real-subtrees	0.504524531724421	3.48713468935426	8.48318011449799	30.1605839458137
81	FFNN-subtrees		3.0096454620361333	7.749396800994872	26.666976928710934
81	real	0.504524531724421	3.48713468935426	8.48318011449799	30.1605839458137
81	BEAST2		2.8698247520763	7.63879192486992	27.9047320831196
81	FFNN		2.9273843999999998	7.52412497177521	28.401749372146803
81	CNN		2.9273843999999998	7.52412497177521	28.401749372146803
82	real-subtrees	0.903842773768335	4.57730536616739	6.25705766713148	25.9887223989865
82	real	0.903842773768335	4.57730536616739	6.25705766713148	25.9887223989865
82	BEAST2		4.76852079416177	7.348907402481309	19.879911076156898
82	FFNN		4.7866583	7.20423561269229	20.3279542999022
82	CNN		4.7866583	7.20423561269229	20.3279542999022
82	CNN-subtrees		4.627857208251953	6.985979080200195	19.945314407348636
82	FFNN-subtrees		4.613381385803223	7.168323516845702	19.29650115966797
83	BEAST2		3.4934556686784903	4.8165769519023796	17.895742074052897
83	FFNN		3.4503272000000003	4.552992927398259	18.8201751006923
83	real-subtrees	0.6175750552243111	3.9099870824619902	4.8209912275619295	15.551293176827901
83	CNN		3.4503272000000003	4.552992927398259	18.8201751006923
83	CNN-subtrees		3.269043445587158	4.384788513183594	16.593454360961914
83	FFNN-subtrees		3.428043842315674	4.794878005981445	16.298713684082028
83	real	0.6175750552243111	3.9099870824619902	4.8209912275619295	15.551293176827901
84	real-subtrees	0.887936182248978	3.4327787260245	7.874902465217482	16.539862710018898
84	BEAST2		4.028623364650951	7.70990112756523	20.765061428219102
84	FFNN-subtrees		3.944322109222412	7.666282653808594	18.804487228393555
84	CNN		4.117184	6.897924339673869	23.3661781105264
84	real	0.887936182248978	3.4327787260245	7.874902465217482	16.539862710018898
84	CNN-subtrees		3.9788355827331534	8.630324363708496	15.531758308410645
84	FFNN		4.117184	6.897924339673869	23.3661781105264
85	CNN-subtrees		4.667595386505127	7.6517510414123535	4.046164035797118
85	real-subtrees	0.8128307659723	3.87509499982979	6.846379690426871	4.76812724989863
85	BEAST2		4.61497415477407	7.48488350385808	4.890269301161459
85	real	0.8128307659723	3.87509499982979	6.846379690426871	4.76812724989863
85	FFNN-subtrees		4.583869934082031	8.180108070373535	4.059323787689209
85	CNN		4.6884155	6.94839689236413	5.32842310056104
85	FFNN		4.6884155	6.94839689236413	5.32842310056104
86	BEAST2		1.43084228837915	4.0958313204128505	12.2768994936004
86	CNN-subtrees		1.4856916666030884	3.890906572341919	12.386889457702635
86	real-subtrees	0.15070290584563598	1.4563783040666398	4.01290181923844	13.10296561384
86	FFNN		1.4392629	4.422392836128941	11.9256354437065
86	FFNN-subtrees		1.4742270708084106	3.85619854927063	12.076388359069824
86	CNN		1.4392629	4.422392836128941	11.9256354437065
86	real	0.15070290584563598	1.4563783040666398	4.01290181923844	13.10296561384
87	BEAST2		1.17321072999988	9.07668180055431	25.9749418854517
87	FFNN-subtrees		1.159300446510315	7.942176342010497	26.77326774597168
87	real-subtrees	0.124218461890226	1.21122253726497	9.31956530121985	25.752343331930398
87	CNN-subtrees		1.1513056755065918	8.012392997741701	26.7185001373291
87	real	0.124218461890226	1.21122253726497	9.31956530121985	25.752343331930398
87	FFNN		1.1619135	9.73642356714882	25.4895830475645
87	CNN		1.1619135	9.73642356714882	25.4895830475645
88	FFNN		4.5086837	2.43079941711854	1.72040018279418
88	CNN		4.5086837	2.43079941711854	1.72040018279418
88	BEAST2		4.64456510057376	2.4762070246219703	1.7664653059971598
88	FFNN-subtrees		4.447294235229492	2.208246946334839	1.711569905281067
88	CNN-subtrees		4.331196308135986	2.124884843826294	1.7115211486816406
88	real	0.287064654218774	4.28487210861018	2.19354796777215	2.01941169696394
88	real-subtrees	0.287064654218774	4.28487210861018	2.19354796777215	2.01941169696394
89	real-subtrees	0.7978862096114008	4.74084457762634	5.0707642412859	17.368397048127502
89	BEAST2		3.6510140246723197	4.25515499217583	15.473801516877801
89	CNN		3.3360426	4.24745617999533	14.6726582824352
89	FFNN		3.3360426	4.24745617999533	14.6726582824352
89	CNN-subtrees		3.4100849628448486	4.215263843536377	14.247370719909668
89	FFNN-subtrees		3.5990657806396484	4.257138729095459	14.466205596923828
89	real	0.7978862096114008	4.74084457762634	5.0707642412859	17.368397048127502
90	BEAST2		4.45992988043664	2.6395655608963797	4.57588076605416
90	CNN		4.476902	2.4397613345141203	4.9500627372183
90	FFNN		4.476902	2.4397613345141203	4.9500627372183
90	FFNN-subtrees		4.0909271240234375	2.552030086517334	4.1859827041625985
90	real-subtrees	0.575876588981556	4.15723317478371	2.86303043868921	3.585094943731
90	real	0.575876588981556	4.15723317478371	2.86303043868921	3.585094943731
90	CNN-subtrees		4.169425964355469	2.5833535194396973	4.369029998779297
91	CNN		1.3651556	8.69674964698933	39.7211333791608
91	FFNN		1.3651556	8.69674964698933	39.7211333791608
91	FFNN-subtrees		1.2955185174942017	9.286376953125	37.4144287109375
91	CNN-subtrees		1.3315445184707642	8.54521369934082	37.44058609008789
91	BEAST2		1.3446569152210501	8.67857862189928	40.0381153980424
91	real-subtrees	0.5723858711868559	1.29751231922884	8.32565593468494	40.25210715500271
91	real	0.5723858711868559	1.29751231922884	8.32565593468494	40.25210715500271
92	CNN		3.6065123	7.64636797422345	31.2717168011298
92	BEAST2		3.63671607404387	7.168490380397	32.0066206718532
92	real-subtrees	0.024412580832833	3.37002602193618	6.913123575342669	30.1384006494361
92	real	0.024412580832833	3.37002602193618	6.913123575342669	30.1384006494361
92	FFNN		3.6065123	7.64636797422345	31.2717168011298
92	CNN-subtrees		3.4707508087158203	7.2000813484191895	27.12674140930176
92	FFNN-subtrees		3.636599779129028	8.064506530761719	29.128313064575195
93	BEAST2		3.03454773053331	8.04518888887465	35.5150045036623
93	CNN		2.7714505000000003	8.19425171973181	32.6053251060003
93	CNN-subtrees		3.118849754333496	9.015661239624023	31.383991241455078
93	FFNN		2.7714505000000003	8.19425171973181	32.6053251060003
93	real-subtrees	0.176422734291013	3.1024852520299704	9.20317733157302	34.9784667487843
93	FFNN-subtrees		3.407794952392578	8.577465057373049	33.810985565185554
93	real	0.176422734291013	3.1024852520299704	9.20317733157302	34.9784667487843
94	FFNN		4.0191865	4.19872220425038	6.746748098646769
94	CNN-subtrees		3.971913576126098	3.6566557884216313	6.943827152252197
94	real	0.7397061400763271	4.61350742894217	3.86156546663346	10.7521578321076
94	real-subtrees	0.7397061400763271	4.61350742894217	3.86156546663346	10.7521578321076
94	FFNN-subtrees		3.912540435791016	3.7268390655517583	7.025967121124268
94	BEAST2		4.14228050497885	3.96742202662992	7.64735439150398
94	CNN		4.0191865	4.19872220425038	6.746748098646769
95	CNN-subtrees		3.363545656204224	9.436151504516602	36.11707305908203
95	real-subtrees	0.7234656189874109	4.22756841807907	9.69442839073066	48.1190903267137
95	BEAST2		3.28330228924936	8.60191054329277	40.2990146827955
95	FFNN		3.270573	8.89364000897809	37.6488293601126
95	real	0.7234656189874109	4.22756841807907	9.69442839073066	48.1190903267137
95	CNN		3.270573	8.89364000897809	37.6488293601126
95	FFNN-subtrees		3.2223105430603027	9.154897689819336	35.41630554199219
96	FFNN		2.9926698	1.9775672422876698	4.03787806243698
96	real	0.278416699249097	2.92653416212663	2.25489779243658	3.4321089284242405
96	CNN		2.9926698	1.9775672422876698	4.03787806243698
96	real-subtrees	0.278416699249097	2.92653416212663	2.25489779243658	3.4321089284242405
96	FFNN-subtrees		3.0203952789306636	2.022413969039917	3.597848653793335
96	CNN-subtrees		3.022130250930786	1.8489527702331543	3.929524183273315
96	BEAST2		3.00275538454598	2.13373532409181	3.66502344513189
97	CNN-subtrees		2.3466732501983643	7.64715051651001	23.375356674194336
97	real-subtrees	0.480294746543074	2.13162713890358	6.5992052881296805	25.5444691629199
97	real	0.480294746543074	2.13162713890358	6.5992052881296805	25.5444691629199
97	FFNN-subtrees		2.2980775833129883	6.857513427734375	23.963876724243164
97	BEAST2		2.23360801311872	7.344550235183361	23.7571418502517
97	FFNN		2.2190652	7.65153614140783	22.490929058091698
97	CNN		2.2190652	7.65153614140783	22.490929058091698
98	BEAST2		1.28423432323957	9.415814651572829	43.90934257757421
98	CNN-subtrees		1.2431830167770386	10.43538761138916	41.77251052856445
98	FFNN		1.2506129	10.1783599593565	42.5374372358105
98	real	0.32154396609581104	1.126430673328	9.3008895528065	43.6483772247317
98	CNN		1.2506129	10.1783599593565	42.5374372358105
98	FFNN-subtrees		1.2385826110839844	10.823476791381836	41.16036224365234
98	real-subtrees	0.32154396609581104	1.126430673328	9.3008895528065	43.6483772247317
99	CNN-subtrees		1.4654223918914795	7.459449768066406	9.613374710083008
99	real-subtrees	0.894496690411466	1.54351097069941	8.14045653610895	9.47195885921887
99	BEAST2		1.4955040179998702	7.83530599341588	9.47624064901336
99	FFNN		1.4326549	7.41958242515309	9.66697937193424
99	real	0.894496690411466	1.54351097069941	8.14045653610895	9.47195885921887
99	CNN		1.4326549	7.41958242515309	9.66697937193424
99	FFNN-subtrees		1.5151116847991943	8.650286674499513	8.314064025878906
