	type	p	R_naught	infectious_period	incubation_time
0	real-subtrees	0.44732297990706804	2.3412952193888796	1.6475683414549502	1.36992889477116
0	CNN		2.1211965	1.50499366579465	1.3265337975160099
0	FFNN		2.1211965	1.50499366579465	1.3265337975160099
0	CNN-subtrees		2.330377578735352	1.615556716918945	1.3301091194152832
0	real	0.44732297990706804	2.3412952193888796	1.64756834145495	1.3699288947711599
0	FFNN-subtrees		2.34865140914917	1.626192331314087	1.3337268829345703
0	BEAST2		2.26945994743363	1.6411408038809099	1.2804941305353101
1	CNN		3.2002650000000004	3.1515233274575603	4.3307140011560605
1	BEAST2		3.2682440431525803	3.2763869737786298	4.17950985159761
1	real-subtrees	0.09722937388652401	2.2674253628172907	9.542159842085098	12.220976398606801
1	FFNN-subtrees		2.3282387256622314	9.223040580749512	11.901206016540527
1	CNN-subtrees		2.324587106704712	9.209437370300293	11.865377426147461
1	FFNN		3.2002650000000004	3.1515233274575603	4.3307140011560605
1	real	0.6225767763228239	3.3684089866500497	3.71345840136623	3.96239667724268
2	BEAST2		4.32662684174412	8.52250503498336	34.9700367938886
2	CNN-subtrees		4.189004898071288	7.846609592437744	5.6310648918151855
2	CNN		4.487149700000001	8.68400171309773	34.4531462310742
2	real	0.997036566631611	3.90961894078582	7.83229215772936	33.006439091525
2	FFNN-subtrees		4.211799144744873	7.8411903381347665	5.642573833465576
2	real-subtrees	0.9794623100045532	4.569193572282272	8.59893534439089	5.65168750145494
2	FFNN		4.487149700000001	8.68400171309773	34.4531462310742
3	CNN		4.184746700000001	2.19902229232144	8.312243391927261
3	real-subtrees	0.859900914773923	2.258547996550901	1.8047000275022604	0.992186161376722
3	FFNN-subtrees		2.1542210578918457	1.6870189905166626	0.9920817613601683
3	BEAST2		3.0	5.5	25.1
3	real	0.8293398478248979	3.99018693635541	2.3660999627382098	8.305388994870441
3	FFNN		4.184746700000001	2.19902229232144	8.312243391927261
3	CNN-subtrees		2.1500804424285893	1.662206530570984	1.047931432723999
4	FFNN		1.8918337	6.6191211097441895	23.4519652538249
4	BEAST2		1.9300180029822498	6.479290137815941	23.844907497023396
4	real	0.6549452351128721	1.83993658224913	7.014782251317481	21.380250288025998
4	CNN-subtrees		3.484598398208618	9.617300987243652	19.12705993652344
4	real-subtrees	0.82375001633051	3.2787066250247996	9.476981290189832	18.046665397648106
4	FFNN-subtrees		3.415283679962158	9.654363632202148	18.39354515075684
4	CNN		1.8918337	6.6191211097441895	23.4519652538249
5	real	0.4271495730639	1.3957654863295401	4.857964876447389	1.0822480345985501
5	FFNN-subtrees		2.402959108352661	6.876310348510742	6.966902256011963
5	BEAST2		1.3812631485238	5.283290423256781	0.924667122547999
5	CNN-subtrees		2.436480760574341	6.69049882888794	7.063021183013916
5	real-subtrees	0.014676794147326	2.3771992733411	8.103544523993047	6.077078517359822
5	FFNN		1.382581	4.41422234116167	1.42138331642254
5	CNN		1.382581	4.41422234116167	1.42138331642254
6	FFNN		4.511586	5.80869032892967	2.6133761530382595
6	FFNN-subtrees		3.835425615310669	3.0542097091674805	7.185873031616211
6	real	0.032288791520142	4.57630768648155	7.44422540338845	2.00971263215509
6	real-subtrees	0.025057708098227	3.8520613122480194	3.34186576530052	7.1937893590756214
6	CNN-subtrees		3.788428783416748	3.193267345428467	6.793911457061768
6	CNN		4.511586	5.80869032892967	2.6133761530382595
6	BEAST2		4.5118387528331105	8.53522343860127	1.41162422076747
7	CNN		3.0761309	5.37878835050994	21.4879981386172
7	FFNN-subtrees		3.767974138259888	1.8561869859695437	6.466052055358888
7	real-subtrees	0.129623054853193	3.9949479425893	1.7914906587137398	7.383980697373472
7	CNN-subtrees		3.68728232383728	1.8686554431915283	6.318587779998778
7	BEAST2		3.2277455432474302	5.320206263644111	21.455692524417
7	FFNN		3.0761309	5.37878835050994	21.4879981386172
7	real	0.31573505363974197	2.93422571137233	4.65107236136891	19.6314123635054
8	BEAST2		2.02261738060598	5.395394065031709	15.465296925666001
8	CNN		1.9829441000000003	5.6206040612388595	14.6587009872838
8	FFNN-subtrees		1.6690491437911987	9.11117458343506	21.81023406982422
8	real-subtrees	0.758180898887686	1.67504542234068	9.408068157617633	21.790845559297104
8	real	0.969111940083884	1.97755200114107	4.7202067967406	18.3465213657537
8	CNN-subtrees		1.6656990051269531	9.292820930480957	21.533292770385746
8	FFNN		1.9829441000000003	5.6206040612388595	14.6587009872838
9	BEAST2		1.13061629938281	6.30373759832718	25.608418821858695
9	CNN-subtrees		3.324305534362793	2.7952451705932617	9.003412246704102
9	real-subtrees	0.638127425862025	3.350149103310839	2.8506096825024505	8.739977543098709
9	real	0.488340826384015	1.18040544994298	6.04629817569697	24.8912650642141
9	CNN		1.0792652	6.99506063733676	24.8695492392528
9	FFNN		1.0792652	6.99506063733676	24.8695492392528
9	FFNN-subtrees		3.356459617614746	2.7786765098571777	8.985458374023438
10	CNN-subtrees		4.0510292053222665	5.72086763381958	14.30654525756836
10	real	0.09722937388652401	2.2674253628172902	9.542159842085098	12.220976398606801
10	BEAST2		2.1555054492627503	9.51997196129421	11.723273832416599
10	FFNN-subtrees		4.108166694641113	5.677444934844972	14.467069625854492
10	real-subtrees	0.5576676637930279	4.38306193150078	5.970377421143179	15.802874262190702
10	CNN		2.2834632000000004	9.96530156025031	11.955006051421002
10	FFNN		2.2834632000000004	9.96530156025031	11.955006051421002
11	BEAST2		3.91580237602206	7.3571442474348405	5.356792119128981
11	CNN		4.063081700000001	7.07055641342872	5.72624668341071
11	CNN-subtrees		3.497520923614502	3.588395118713379	4.334888935089111
11	FFNN		4.063081700000001	7.07055641342872	5.72624668341071
11	real	0.9794623100045531	4.56919357228227	8.59893534439089	5.65168750145494
11	real-subtrees	0.6225767763228239	3.3684089866500497	3.71345840136623	3.96239667724268
11	FFNN-subtrees		3.4545834064483643	3.6780054569244394	4.11248254776001
12	CNN		2.1845284	1.80855726966732	0.880473751746328
12	FFNN		2.1845284	1.80855726966732	0.880473751746328
12	real	0.859900914773923	2.2585479965509	1.80470002750226	0.992186161376722
12	real-subtrees	0.5988352752009151	2.23882941248729	4.6848778813590615	20.150252377398893
12	BEAST2		2.18634627254691	1.8456003346767	0.871544142491485
12	CNN-subtrees		2.363969326019287	5.1925930976867685	19.771053314208984
12	FFNN-subtrees		2.3671350479125977	5.08984375	19.85866355895996
13	FFNN-subtrees		4.160719394683838	8.370576858520508	27.96645736694336
13	CNN		2.990968	8.78683223604618	17.508659707891198
13	CNN-subtrees		4.111218452453613	8.480515480041504	27.36580467224121
13	BEAST2		2.88097403247177	8.996083542105731	16.5195536588657
13	FFNN		2.990968	8.78683223604618	17.508659707891198
13	real-subtrees	0.23075669136252305	4.84630092843636	8.57823430254331	33.9322694028504
13	real	0.82375001633051	3.2787066250247996	9.47698129018983	18.046665397648102
14	FFNN-subtrees		1.1345990896224976	4.727423191070557	2.529393196105957
14	real-subtrees	0.36006054874133797	1.1532291880105905	6.067068346960249	1.50727662168014
14	BEAST2		2.0999267380245104	8.67179441050829	3.85446351682514
14	real	0.014676794147326	2.3771992733411	8.10354452399305	6.077078517359821
14	CNN		2.146707	6.145314311702111	5.01052839719033
14	FFNN		2.146707	6.145314311702111	5.01052839719033
14	CNN-subtrees		1.122014403343201	5.001919746398926	2.390109062194824
15	real-subtrees	0.359062840569089	4.029825464213491	8.61847006257589	31.70265901433969
15	BEAST2		3.5002269647412003	3.0214274692433305	6.76179776576797
15	real	0.025057708098227	3.8520613122480203	3.34186576530052	7.193789359075621
15	CNN-subtrees		3.721192359924317	8.595625877380371	28.39541053771973
15	CNN		3.1908498	2.86503606373179	5.669787809406049
15	FFNN		3.1908498	2.86503606373179	5.669787809406049
15	FFNN-subtrees		3.7685258388519287	8.484183311462402	28.864051818847656
16	FFNN		3.2122936	1.67991161376625	6.08279749039012
16	BEAST2		3.1479616656552003	1.9931422565438799	5.25956252641521
16	real	0.129623054853193	3.9949479425892997	1.79149065871374	7.38398069737347
16	CNN-subtrees		3.909226894378662	5.45145845413208	4.313802242279054
16	CNN		3.2122936	1.67991161376625	6.08279749039012
16	FFNN-subtrees		3.9731175899505615	5.458101749420166	4.2576165199279785
16	real-subtrees	0.7447356683104871	3.96924042504782	5.741129579712732	4.1433916364608105
17	FFNN-subtrees		1.1277451515197754	5.6521239280700675	7.926201820373535
17	BEAST2		1.5521469839373	9.21894792856487	19.603666489847697
17	CNN-subtrees		1.1260340213775637	5.810147285461426	8.016423225402832
17	real-subtrees	0.305363243821061	1.1405022922441497	5.70262350311393	8.183606775985472
17	CNN		1.6062517	9.512003606306608	19.452453336457502
17	real	0.758180898887686	1.67504542234068	9.408068157617631	21.790845559297104
17	FFNN		1.6062517	9.512003606306608	19.452453336457502
18	real-subtrees	0.25997681994349	2.3195963941993702	4.94215234992223	12.369233789476096
18	real	0.638127425862025	3.35014910331084	2.8506096825024505	8.739977543098709
18	FFNN-subtrees		2.4121129512786865	4.832076072692871	12.762991905212402
18	CNN		3.1046967999999997	2.48209805824693	9.15840539046265
18	CNN-subtrees		2.3948299884796143	5.0279412269592285	12.306166648864744
18	FFNN		3.1046967999999997	2.48209805824693	9.15840539046265
18	BEAST2		2.23848651093174	9.62964735933245	0.20839737197247896
19	FFNN-subtrees		2.0411527156829834	7.9245758056640625	9.419036865234377
19	CNN		3.4658208	4.6242297586089505	16.9563364169565
19	real	0.5576676637930279	4.38306193150078	5.97037742114318	15.8028742621907
19	FFNN		3.4658208	4.6242297586089505	16.9563364169565
19	CNN-subtrees		2.0443556308746342	7.803892612457275	9.656837463378906
19	BEAST2		3.74885646323344	5.37020853722513	15.0472603555764
19	real-subtrees	0.05227976387643	2.0105488787315795	8.23266690239892	9.85695683057168
20	CNN		2.2830357999999995	5.44918994283507	18.1143206345778
20	real-subtrees	0.611773575618017	2.9959329963935697	5.109194842728192	6.219286455499233
20	CNN-subtrees		2.981984615325928	4.921621799468994	6.23333740234375
20	FFNN-subtrees		3.0168640613555913	4.8914055824279785	6.3314170837402335
20	FFNN		2.2830357999999995	5.44918994283507	18.1143206345778
20	real	0.5988352752009151	2.23882941248729	4.68487788135906	20.1502523773989
20	BEAST2		2.21100643657002	4.98901397836259	18.157769769932802
21	BEAST2		3.92361615118994	8.705334661975911	24.1626661112329
21	FFNN-subtrees		3.0860567092895512	8.152588844299316	31.167348861694336
21	CNN-subtrees		3.0357415676116943	8.12183952331543	30.61725616455078
21	FFNN		3.7518510000000003	9.241691240056038	20.630866018933002
21	real-subtrees	0.158022100106939	3.0561676153696404	7.486645161091709	33.328872998429716
21	real	0.23075669136252303	4.84630092843636	8.57823430254331	33.9322694028504
21	CNN		3.7518510000000003	9.241691240056038	20.630866018933002
22	FFNN		1.1773236	4.08328190808553	3.1467149424991203
22	real	0.36006054874133797	1.15322918801059	6.06706834696025	1.5072766216801399
22	BEAST2		1.21710802795206	7.034030931747839	0.508292087513434
22	CNN		1.1773236	4.08328190808553	3.1467149424991203
22	FFNN-subtrees		3.6863300800323486	7.817328929901122	30.13165664672852
22	real-subtrees	0.997036566631611	3.90961894078582	7.832292157729361	33.006439091525
22	CNN-subtrees		3.631738185882568	7.86528730392456	29.696866989135746
23	CNN-subtrees		1.6976318359375	1.4369847774505615	5.0273847579956055
23	real-subtrees	0.600737301602517	1.72017666453168	1.3904637788918002	5.198780985185599
23	real	0.359062840569089	4.0298254642134905	8.61847006257589	31.702659014339698
23	FFNN		3.5834637000000003	7.4044183838534705	28.8263721347367
23	BEAST2		3.61129734663827	7.3567256394940195	29.8137295218279
23	CNN		3.5834637000000003	7.4044183838534705	28.8263721347367
23	FFNN-subtrees		1.6980240345001218	1.4204142093658447	5.035279750823975
24	CNN-subtrees		4.24542760848999	3.3793742656707764	6.620476245880128
24	FFNN-subtrees		4.295450687408446	3.3403916358947754	6.528276920318604
24	CNN		4.0908723	5.53851634532792	4.851217324464231
24	BEAST2		4.40997888163798	5.58987139474563	5.091083084523481
24	real	0.7447356683104871	3.9692404250478197	5.741129579712731	4.1433916364608105
24	real-subtrees	0.8219365221323579	4.83352257416964	3.60292218047322	7.090688112857809
24	FFNN		4.0908723	5.53851634532792	4.851217324464231
25	CNN		1.1458127	5.457505726521701	8.80624382259594
25	BEAST2		1.16164996045287	4.876297124047639	9.35045903817537
25	FFNN		1.1458127	5.457505726521701	8.80624382259594
25	CNN-subtrees		1.709157943725586	1.6138917207717896	4.155635356903076
25	real-subtrees	0.08444202266268201	1.7399685310640298	1.7272479769518403	4.2394156550818805
25	real	0.305363243821061	1.14050229224415	5.70262350311393	8.18360677598547
25	FFNN-subtrees		1.7276681661605835	1.6607449054718018	4.156207084655762
26	CNN-subtrees		3.3312814235687256	2.2932918071746826	6.150473117828369
26	real	0.25997681994349	2.3195963941993702	4.94215234992223	12.369233789476098
26	FFNN-subtrees		3.360914707183838	2.308865547180176	6.137636184692383
26	CNN		2.4588354	5.187188026912231	12.5153262415165
26	FFNN		2.4588354	5.187188026912231	12.5153262415165
26	real-subtrees	0.223869740549289	3.1633138530102496	2.3009547883799	5.968402263527241
26	BEAST2		2.38028314336654	5.16823504686124	12.0295994268102
27	CNN		1.8416622	6.80799091935947	9.787208451936891
27	BEAST2		1.9055491716461	7.552066930750929	10.1110313262254
27	FFNN		1.8416622	6.80799091935947	9.787208451936891
27	FFNN-subtrees		1.071863293647766	3.8678905963897705	5.6016716957092285
27	CNN-subtrees		1.085293173789978	3.703376054763794	5.83740234375
27	real	0.05227976387643	2.01054887873158	8.23266690239892	9.85695683057168
27	real-subtrees	0.9312733345931579	1.01487423149525	3.76321413276263	5.597792170849951
28	BEAST2		3.8487197216573	4.8699591455773605	9.143830222278869
28	real	0.611773575618017	2.9959329963935697	5.109194842728191	6.219286455499231
28	FFNN-subtrees		1.4622797966003418	7.973176002502441	9.505895614624023
28	real-subtrees	0.350139560960445	1.4908359483727496	8.315267359097637	9.797076646017231
28	CNN-subtrees		1.442738056182861	8.051181793212889	9.481693267822266
28	FFNN		3.8949992999999994	4.603326505746709	9.892100476495802
28	CNN		3.8949992999999994	4.603326505746709	9.892100476495802
29	real-subtrees	0.344795403114044	3.931052592104472	8.881937125846449	19.12036943364389
29	BEAST2		2.78914210101881	7.421570504460111	32.8020776532969
29	CNN		2.8424462999999998	7.795467745616451	32.1668939671663
29	CNN-subtrees		3.6848664283752437	7.93996000289917	19.44561004638672
29	real	0.158022100106939	3.05616761536964	7.48664516109171	33.3288729984297
29	FFNN		2.8424462999999998	7.795467745616451	32.1668939671663
29	FFNN-subtrees		3.7347016334533687	7.6180686950683585	20.195417404174805
30	CNN-subtrees		1.3478788137435913	4.939769744873047	4.2793612480163565
30	FFNN		1.5217358	1.30321187277778	5.24800559917354
30	real	0.600737301602517	1.72017666453168	1.3904637788918	5.198780985185599
30	BEAST2		1.4397515234705502	6.0260443879078	0.208998651643385
30	CNN		1.5217358	1.30321187277778	5.24800559917354
30	real-subtrees	0.501978464893768	1.3742650754093502	5.0642598963171785	4.42532693694412
30	FFNN-subtrees		1.3605635166168213	4.976340293884277	4.18021297454834
31	BEAST2		2.8760596537316094	9.619380122192132	0.209746116309136
31	FFNN		3.9803328999999996	2.97689795659171	7.29499150139358
31	real	0.8219365221323579	4.83352257416964	3.6029221804732203	7.090688112857809
31	FFNN-subtrees		3.13901948928833	4.942533493041992	18.72633171081543
31	CNN		3.9803328999999996	2.97689795659171	7.29499150139358
31	CNN-subtrees		3.112992286682129	4.959443092346191	18.85563850402832
31	real-subtrees	0.6273096415059279	3.0772736529224805	4.794757139493711	19.954658914195093
32	FFNN		1.68367	1.8317516557440001	4.01219981191388
32	FFNN-subtrees		1.5621037483215332	9.512767791748047	38.86397171020508
32	CNN-subtrees		1.540293574333191	9.375360488891602	38.750732421875
32	real-subtrees	0.9395324424236692	1.5714632858544901	9.00104682996095	40.27839841651529
32	real	0.08444202266268201	1.7399685310640298	1.7272479769518403	4.2394156550818805
32	CNN		1.68367	1.8317516557440001	4.01219981191388
32	BEAST2		1.7079832315617098	2.01620626247021	3.8756463516737902
33	CNN-subtrees		3.828994274139404	2.35791540145874	7.88905143737793
33	CNN		3.6386453999999997	2.32078461968956	7.54508906920597
33	real	0.223869740549289	3.1633138530102496	2.3009547883799	5.968402263527241
33	real-subtrees	0.8293398478248979	3.9901869363554106	2.3660999627382098	8.305388994870441
33	FFNN-subtrees		3.8732633590698238	2.339944839477539	7.8836188316345215
33	BEAST2		3.33063533616095	2.3968633800665198	6.76772722662284
33	FFNN		3.6386453999999997	2.32078461968956	7.54508906920597
34	CNN		1.1435363	4.3511067884655	4.770696501869501
34	real-subtrees	0.629964716453568	4.1549407050174425	8.42586425725603	9.899663731922507
34	FFNN-subtrees		3.984708309173584	7.63810396194458	10.341756820678713
34	FFNN		1.1435363	4.3511067884655	4.770696501869501
34	BEAST2		1.23157182770684	4.16201811661835	5.22395317293346
34	real	0.9312733345931579	1.01487423149525	3.76321413276263	5.59779217084995
34	CNN-subtrees		3.965332746505737	7.434661865234375	10.717803001403807
35	BEAST2		1.5315879665313	7.647333990282941	11.4955640835072
35	real	0.350139560960445	1.49083594837275	8.31526735909764	9.797076646017231
35	FFNN-subtrees		3.8000638484954834	1.2669532299041748	3.9924106597900386
35	FFNN		1.4963737	8.07907350880414	10.7222358993445
35	CNN-subtrees		3.755537509918213	1.3006765842437744	3.891057729721069
35	CNN		1.4963737	8.07907350880414	10.7222358993445
35	real-subtrees	0.063667672771548	4.06637523247667	1.2671220979304298	4.585213929314009
36	FFNN		3.2360352999999997	7.22576731774296	16.3677725226176
36	real	0.344795403114044	3.93105259210447	8.881937125846449	19.120369433643898
36	real-subtrees	0.279079521428259	4.5466895597653405	1.5702340676128903	4.05503296613634
36	BEAST2		3.3438802689935696	7.80735870375983	16.6469129144511
36	CNN		3.2360352999999997	7.22576731774296	16.3677725226176
36	CNN-subtrees		4.162811279296875	1.5145777463912964	3.560541868209839
36	FFNN-subtrees		4.189270973205566	1.5199007987976074	3.5384435653686523
37	real	0.501978464893768	1.3742650754093502	5.064259896317179	4.42532693694412
37	CNN		1.3732386	5.18245168284938	4.3799777332768794
37	FFNN		1.3732386	5.18245168284938	4.3799777332768794
37	CNN-subtrees		4.2011966705322275	9.020971298217773	32.93613052368164
37	FFNN-subtrees		4.2105188369750985	8.91528606414795	32.619861602783196
37	BEAST2		1.38906632095728	5.02723374484888	4.66673827383043
37	real-subtrees	0.776957855461345	4.80629529834599	9.42142780554648	39.83771800058121
38	CNN-subtrees		2.388522148132324	1.1396384239196775	0.9834659099578856
38	FFNN-subtrees		2.434366226196289	1.1306291818618774	1.0120993852615356
38	real	0.6273096415059279	3.07727365292248	4.79475713949371	19.9546589141951
38	BEAST2		3.0546866129297996	4.36383507210278	20.6246648662064
38	real-subtrees	0.8341353021594431	2.444538660472529	1.17593932653749	0.983107476013022
38	FFNN		2.5455105	4.38237106754862	18.3779596103218
38	CNN		2.5455105	4.38237106754862	18.3779596103218
39	FFNN		1.5504229999999999	9.11943242431342	37.1333097084846
39	FFNN-subtrees		4.317896366119385	7.612899303436278	2.8538622856140137
39	real-subtrees	0.09000617059791301	4.77510273876587	9.33148927935169	2.77326229778473
39	CNN		1.5504229999999999	9.11943242431342	37.1333097084846
39	BEAST2		1.5159351621708999	8.9371448334044	36.917813957128
39	CNN-subtrees		4.333573341369629	7.296028614044189	3.0663950443267822
39	real	0.9395324424236691	1.5714632858544901	9.00104682996095	40.278398416515294
40	real	0.629964716453568	4.15494070501744	8.42586425725603	9.89966373192251
40	BEAST2		3.8105625165773795	7.2265760829363295	10.6605422049455
40	real-subtrees	0.539501293138565	2.23886091636104	3.83566473414944	1.9657068090087304
40	FFNN		3.8622763	6.59247856652714	11.952322053357802
40	FFNN-subtrees		2.278031587600708	3.592559814453125	1.9988399744033811
40	CNN-subtrees		2.2656259536743164	3.613036394119263	2.013730525970459
40	CNN		3.8622763	6.59247856652714	11.952322053357802
41	BEAST2		4.41479505353634	1.08529031908838	5.58455917792758
41	CNN		4.068155	1.1686697445046899	4.8017551355888
41	FFNN		4.068155	1.1686697445046899	4.8017551355888
41	real-subtrees	0.434385290645901	2.2227783085919106	5.752676712336661	4.61600262271279
41	FFNN-subtrees		2.2257063388824463	5.557164669036865	4.666913032531738
41	CNN-subtrees		2.2025723457336426	5.618544101715088	4.668266773223877
41	real	0.063667672771548	4.06637523247667	1.2671220979304298	4.585213929314009
42	CNN-subtrees		3.818212985992432	4.633203029632568	16.099285125732422
42	BEAST2		4.02565436852247	1.54542541084519	3.66795796260149
42	FFNN-subtrees		3.876025676727295	4.714152812957764	15.946304321289062
42	real	0.279079521428259	4.5466895597653405	1.57023406761289	4.05503296613634
42	FFNN		4.3742166	1.5391203182832398	3.8652718833588797
42	CNN		4.3742166	1.5391203182832398	3.8652718833588797
42	real-subtrees	0.566260800361252	4.05565609960046	4.5977436986030105	17.3380303847144
43	real	0.776957855461345	4.80629529834599	9.42142780554648	39.837718000581205
43	CNN-subtrees		1.3511825799942017	7.929117679595947	21.857572555541992
43	real-subtrees	0.257488166109756	1.3827909430112102	8.25984993600249	22.041723565554395
43	FFNN		4.1944594	8.72705209130087	40.473089708679
43	CNN		4.1944594	8.72705209130087	40.473089708679
43	BEAST2		4.4807965220798796	7.825716704481571	45.429977831367395
43	FFNN-subtrees		1.362226963043213	7.805785179138184	22.18917465209961
44	CNN-subtrees		1.8299710750579836	7.163093090057372	20.860809326171875
44	FFNN-subtrees		1.848385453224182	7.2443480491638175	20.845129013061523
44	BEAST2		2.43841274907955	1.3667327825331	0.9001421736271908
44	FFNN		2.4642124	1.3156327107819599	0.9351478430761999
44	CNN		2.4642124	1.3156327107819599	0.9351478430761999
44	real	0.8341353021594431	2.4445386604725297	1.17593932653749	0.983107476013022
44	real-subtrees	0.6549452351128721	1.83993658224913	7.014782251317482	21.380250288025998
45	real-subtrees	0.28866648045017795	1.19204012687899	1.8394465602146897	7.2323203353165315
45	BEAST2		4.57660457922556	8.59667033890828	3.0642564944073905
45	FFNN		4.5448794	8.24668720452696	2.85068208693692
45	real	0.09000617059791301	4.77510273876587	9.33148927935169	2.77326229778473
45	FFNN-subtrees		1.1921095848083496	1.921311974525452	7.205611705780028
45	CNN-subtrees		1.1834838390350342	1.9189138412475584	7.215164184570312
45	CNN		4.5448794	8.24668720452696	2.85068208693692
46	real-subtrees	0.41069160617170297	2.9568373329385698	2.08831109833742	4.3321703692853
46	CNN		2.2066202	3.8974368286342798	1.7688614238324698
46	FFNN-subtrees		2.924870729446411	2.088354110717773	4.1786537170410165
46	BEAST2		2.29211999764565	4.303658093977971	1.6282574619319998
46	real	0.539501293138565	2.2388609163610402	3.83566473414944	1.96570680900873
46	CNN-subtrees		2.9156033992767334	2.0690629482269287	4.254913806915283
46	FFNN		2.2066202	3.8974368286342798	1.7688614238324698
47	FFNN-subtrees		4.000272274017334	4.407605171203613	5.613377571105957
47	CNN		2.2322992999999998	5.6008747901317895	5.374820631120759
47	real-subtrees	0.06056769338979099	4.276417795931991	4.6382280649679295	6.33109710938554
47	CNN-subtrees		4.042459011077882	4.357588768005371	5.852609157562256
47	BEAST2		2.2582943005339704	6.34561410355842	4.6318665299355795
47	real	0.434385290645901	2.22277830859191	5.752676712336661	4.61600262271279
47	FFNN		2.2322992999999998	5.6008747901317895	5.374820631120759
48	BEAST2		3.45743901320247	3.8721125202975397	16.866314209940697
48	FFNN		3.3031059999999997	4.079384096644991	15.8828490987396
48	FFNN-subtrees		4.137495040893556	6.9090752601623535	7.124262809753418
48	real	0.566260800361252	4.05565609960046	4.59774369860301	17.3380303847144
48	CNN-subtrees		4.097795009613037	6.987423896789551	7.006286144256593
48	CNN		3.3031059999999997	4.079384096644991	15.8828490987396
48	real-subtrees	0.117591641176865	4.35271400703464	7.757832708254851	7.26935607694258
49	FFNN-subtrees		2.0036695003509517	6.843098163604736	11.32725715637207
49	FFNN		1.4276857	8.45246784118263	21.6175109497271
49	CNN-subtrees		2.0072987079620357	6.790557861328125	11.491153717041016
49	CNN		1.4276857	8.45246784118263	21.6175109497271
49	real	0.257488166109756	1.38279094301121	8.25984993600249	22.0417235655544
49	BEAST2		1.4319849795674	7.873519758342099	22.7561794727896
49	real-subtrees	0.571322235379891	1.9749805222978696	6.95358021316218	11.2720391262409
50	real	0.28866648045017795	1.19204012687899	1.8394465602146899	7.232320335316531
50	CNN-subtrees		4.227548122406007	1.927826166152954	3.813307762145996
50	BEAST2		1.1511080909339	9.54028818789641	0.20921616469765
50	real-subtrees	0.8474586090916709	4.43540423997807	1.97779544752107	3.84759677864091
50	FFNN		1.1521845	1.7808117184423402	8.10464147489408
50	CNN		1.1521845	1.7808117184423402	8.10464147489408
50	FFNN-subtrees		4.254118919372559	1.91096830368042	3.7733867168426514
51	real-subtrees	0.06207959311582401	1.5455711020853402	8.4706660782534	19.2260019225785
51	FFNN		2.5568642999999995	1.80479178455336	3.9822265546548397
51	CNN		2.5568642999999995	1.80479178455336	3.9822265546548397
51	real	0.41069160617170297	2.9568373329385698	2.08831109833742	4.3321703692853
51	FFNN-subtrees		1.5315372943878174	7.863837718963622	18.44449615478516
51	CNN-subtrees		1.5414869785308838	7.21492338180542	19.672142028808594
51	BEAST2		2.8782908833454	1.73921108049746	4.690371703481969
52	CNN-subtrees		3.95190691947937	4.896425724029541	8.152687072753906
52	BEAST2		3.82017377004859	4.08997305952303	6.7459980724334505
52	FFNN-subtrees		3.972727060317993	4.751328468322754	8.301267623901367
52	real	0.06056769338979099	4.27641779593199	4.6382280649679295	6.33109710938554
52	real-subtrees	0.21952725295304398	4.05290603811312	5.1933479085512815	8.14385438762776
52	CNN		3.5558254999999996	3.95467599468553	6.066549621070269
52	FFNN		3.5558254999999996	3.95467599468553	6.066549621070269
53	CNN-subtrees		1.7476776838302612	4.091811656951903	1.6866621971130369
53	real	0.117591641176865	4.35271400703464	7.75783270825485	7.26935607694258
53	FFNN-subtrees		1.7623108625411987	4.058185577392578	1.710052490234375
53	real-subtrees	0.331334667592652	1.8210565986674905	5.1841243890638	1.09452613528114
53	FFNN		4.404443700000001	8.10279710626168	6.54215164714302
53	BEAST2		4.63995251584502	7.4190681942164405	8.35669474466093
53	CNN		4.404443700000001	8.10279710626168	6.54215164714302
54	FFNN-subtrees		3.448908567428589	1.901524782180786	5.3923678398132315
54	BEAST2		2.0663020704491397	7.6389453215615495	10.7624136227251
54	CNN		2.0303292	7.623170730005961	10.692307713349802
54	CNN-subtrees		3.467942237854004	1.9233560562133791	5.410901546478272
54	real-subtrees	0.63595888224514	3.33964334277251	1.96657819449216	5.2546910677685394
54	real	0.571322235379891	1.9749805222978702	6.95358021316218	11.2720391262409
54	FFNN		2.0303292	7.623170730005961	10.692307713349802
55	BEAST2		4.62994850210196	2.15916319850666	3.35583826793136
55	real	0.8474586090916709	4.43540423997807	1.97779544752107	3.84759677864091
55	CNN		4.581233	2.2713081575580096	3.06932069219082
55	real-subtrees	0.4271495730639	1.3957654863295401	4.857964876447388	1.08224803459855
55	CNN-subtrees		1.3679789304733276	4.071723937988281	1.5649582147598269
55	FFNN-subtrees		1.3643325567245483	3.815527439117432	1.7659049034118652
55	FFNN		4.581233	2.2713081575580096	3.06932069219082
56	FFNN-subtrees		1.638994574546814	5.987276554107666	7.897671699523926
56	real-subtrees	0.880710646337615	1.7008125808656502	6.131473674946902	8.129917510361299
56	CNN		1.570857	9.98634407375252	17.8337857885281
56	BEAST2		1.5480556416639097	8.85765851910056	19.730526583308002
56	FFNN		1.570857	9.98634407375252	17.8337857885281
56	CNN-subtrees		1.6179929971694946	5.963825702667236	7.992534637451173
56	real	0.062079593115824006	1.54557110208534	8.4706660782534	19.2260019225785
57	real	0.21952725295304398	4.05290603811312	5.193347908551281	8.14385438762776
57	CNN		4.7057734	5.67937824174816	8.39132882222909
57	FFNN		4.7057734	5.67937824174816	8.39132882222909
57	real-subtrees	0.7442083574994129	4.1752821167205285	4.756490698987292	14.2755218086949
57	FFNN-subtrees		4.03696346282959	4.655004024505615	13.255026817321776
57	BEAST2		4.5944062060578705	5.478446672226469	8.73684369021725
57	CNN-subtrees		3.9369959831237793	4.8233675956726065	12.786380767822266
58	real-subtrees	0.137429473566679	3.11403048797976	2.55698851154331	5.9214301428623495
58	real	0.331334667592652	1.8210565986674898	5.1841243890638	1.09452613528114
58	BEAST2		1.7035837928131898	5.0303185913008495	0.8672007257361322
58	FFNN		1.6781735	4.54661412800267	1.23423095831505
58	CNN		1.6781735	4.54661412800267	1.23423095831505
58	FFNN-subtrees		3.2462940216064453	2.6048479080200195	5.982117176055907
58	CNN-subtrees		3.325976848602295	2.601008415222168	6.141815662384032
59	FFNN-subtrees		4.0478997230529785	9.82718563079834	35.41139221191406
59	FFNN		3.0179534	1.9295654679469498	6.04992192638113
59	CNN		3.0179534	1.9295654679469498	6.04992192638113
59	CNN-subtrees		3.901646137237549	9.98707675933838	33.68312454223633
59	BEAST2		2.4446718085013903	7.31775106460186	0.20731964493167498
59	real	0.63595888224514	3.33964334277251	1.9665781944921599	5.2546910677685394
59	real-subtrees	0.07098842626741701	4.744737625961719	9.530627464458568	46.4074913934626
60	real	0.880710646337615	1.7008125808656498	6.131473674946901	8.129917510361299
60	CNN-subtrees		1.0866159200668335	6.072142601013184	26.38800430297852
60	CNN		1.61156	5.45566777604991	8.23105500223932
60	BEAST2		1.63914378798614	5.799248210609901	7.87111702501963
60	FFNN		1.61156	5.45566777604991	8.23105500223932
60	FFNN-subtrees		1.0620250701904297	6.294018268585205	26.09652137756348
60	real-subtrees	0.524067573402039	1.0708163130650403	5.4030220590378	26.517426896718693
61	real	0.7442083574994129	4.175282116720529	4.756490698987291	14.2755218086949
61	FFNN		2.917541	4.730872756026121	7.805221222756081
61	real-subtrees	0.7316640407464409	4.155766622055831	2.2182581502140803	1.84043303226318
61	CNN-subtrees		3.8515172004699703	2.121357679367065	1.7373276948928833
61	FFNN-subtrees		3.9175992012023926	2.1099746227264404	1.7702921628952026
61	CNN		2.917541	4.730872756026121	7.805221222756081
61	BEAST2		2.97461221762386	4.44413675496694	8.82280730850142
62	BEAST2		3.71047059999036	3.19234805400157	5.98818506012897
62	CNN		3.8735592000000003	2.88483588914949	6.570948455594749
62	real	0.137429473566679	3.11403048797976	2.55698851154331	5.9214301428623495
62	CNN-subtrees		2.911102294921875	6.175877094268799	19.056795120239254
62	FFNN-subtrees		2.933980226516724	6.258233070373535	18.56110954284668
62	FFNN		3.8735592000000003	2.88483588914949	6.570948455594749
62	real-subtrees	0.669291842439362	3.0016985356311494	6.149145168814959	19.4952790150872
63	FFNN-subtrees		1.2984702587127686	2.9257690906524663	11.316451072692873
63	FFNN		3.9848470000000002	10.4030644127602	33.516910740669
63	real-subtrees	0.526703751306	1.2852911496405406	2.82993173871808	11.5654912504229
63	CNN		3.9848470000000002	10.4030644127602	33.516910740669
63	real	0.07098842626741701	4.7447376259617196	9.53062746445857	46.4074913934626
63	CNN-subtrees		1.2992855310440063	2.8956687450408936	11.315752983093262
63	BEAST2		3.63682592654988	9.21780727751837	33.264193663351804
64	CNN-subtrees		3.796458959579468	4.1155738830566415	12.54998779296875
64	real	0.524067573402039	1.07081631306504	5.4030220590377995	26.517426896718696
64	real-subtrees	0.177217400892237	3.96998251544246	3.98798162887253	13.837922024670506
64	BEAST2		1.1720169153215	6.30074637930294	25.4440658767517
64	FFNN		1.1124698	6.48174707082335	24.8156111100482
64	FFNN-subtrees		3.8335585594177246	4.094424247741698	12.699943542480467
64	CNN		1.1124698	6.48174707082335	24.8156111100482
65	FFNN-subtrees		3.827914953231812	3.3389852046966557	11.918094635009766
65	real	0.7316640407464409	4.155766622055831	2.2182581502140803	1.8404330322631801
65	FFNN		3.8335958	2.26149245740325	1.50591843191266
65	CNN-subtrees		3.7746129035949703	3.377701759338379	11.696860313415527
65	real-subtrees	0.35063685813030804	3.7147277137717087	3.1919963968758087	12.6435250018444
65	CNN		3.8335958	2.26149245740325	1.50591843191266
65	BEAST2		3.9587825925110494	2.39545318372741	1.46976221461716
66	BEAST2		2.85271026889912	6.24685964039577	16.273702168195502
66	CNN-subtrees		4.3147711753845215	5.511107921600342	2.573608875274658
66	real-subtrees	0.032288791520142	4.576307686481551	7.444225403388453	2.00971263215509
66	FFNN		2.7777543	5.77554839829717	16.6045046383731
66	FFNN-subtrees		4.2143497467041025	5.7334651947021475	2.3297815322875977
66	real	0.669291842439362	3.00169853563115	6.149145168814959	19.4952790150872
66	CNN		2.7777543	5.77554839829717	16.6045046383731
67	BEAST2		1.04244436514968	9.937643333176581	0.21629215629212398
67	real	0.526703751306	1.2852911496405401	2.82993173871808	11.5654912504229
67	FFNN		1.2587837	3.05351916389664	10.0982703575117
67	FFNN-subtrees		3.755536794662476	2.6327693462371826	3.497534990310669
67	CNN-subtrees		3.746092557907105	2.556554317474365	3.660607099533081
67	CNN		1.2587837	3.05351916389664	10.0982703575117
67	real-subtrees	0.584157405024765	3.6066449205014495	2.5858653820535498	3.6723766305314505
68	FFNN		3.1882957999999997	3.46721121035519	11.5060645345048
68	real	0.177217400892237	3.96998251544246	3.98798162887253	13.837922024670501
68	BEAST2		3.1552081704811603	3.7974245238955198	10.8993011145137
68	CNN-subtrees		3.745147705078125	7.8193278312683105	7.619259357452393
68	FFNN-subtrees		3.7526025772094727	7.624485492706299	7.923233509063722
68	real-subtrees	0.4615968161577801	3.7639020966175294	8.23173143529876	7.652435272194282
68	CNN		3.1882957999999997	3.46721121035519	11.5060645345048
69	real-subtrees	0.319331660323189	1.1050831595465902	4.616292823897731	14.6961620763065
69	real	0.35063685813030804	3.7147277137717096	3.19199639687581	12.6435250018444
69	CNN-subtrees		1.0977678298950195	4.875580787658691	14.917505264282227
69	CNN		3.3730027999999996	3.49354303567564	9.89823529660642
69	FFNN		3.3730027999999996	3.49354303567564	9.89823529660642
69	BEAST2		2.0625475157141597	9.906213987216821	0.21549553320405201
69	FFNN-subtrees		1.1038244962692259	4.703634262084961	14.808611869812012
70	real	0.584157405024765	3.6066449205014504	2.5858653820535498	3.67237663053145
70	CNN		3.8058553	3.01458511927172	3.0422411493561
70	FFNN		3.8058553	3.01458511927172	3.0422411493561
70	BEAST2		3.8268266426375095	2.90276204918172	3.2741439470819502
70	real-subtrees	0.7415413138540641	2.30992974319742	7.259459586966162	21.9750525123642
70	FFNN-subtrees		2.355893135070801	7.364084243774414	21.986223220825195
70	CNN-subtrees		2.336501121520996	7.472779750823975	22.00348663330078
71	real	0.4615968161577801	3.76390209661753	8.23173143529876	7.652435272194281
71	BEAST2		3.5817489752617204	9.01250979501118	6.42646690941581
71	FFNN-subtrees		3.562012195587158	2.890082359313965	6.718178749084473
71	CNN-subtrees		3.503246068954468	2.92087984085083	6.552560329437256
71	FFNN		3.9367360000000002	8.696402539291629	7.240714387215941
71	CNN		3.9367360000000002	8.696402539291629	7.240714387215941
71	real-subtrees	0.32800346569803995	3.5023546014584	3.0992487172362995	6.35722610832178
72	real	0.319331660323189	1.1050831595465902	4.616292823897731	14.6961620763065
72	CNN-subtrees		3.929345607757568	7.617114067077638	16.615104675292972
72	CNN		1.073659	5.44679710139215	14.6119422437092
72	FFNN		1.073659	5.44679710139215	14.6119422437092
72	BEAST2		1.10332863933141	4.87062528511674	15.0303858085043
72	FFNN-subtrees		3.950169563293457	7.619140625	16.30272102355957
72	real-subtrees	0.605017677164895	3.9837586048527793	7.835414338379079	17.3018441189359
73	FFNN		2.4075499	7.6601725601937405	19.4177508356038
73	CNN		2.4075499	7.6601725601937405	19.4177508356038
73	CNN-subtrees		2.9698808193206787	2.165142297744751	5.928037643432617
73	real-subtrees	0.691824159284543	2.94847853908803	2.2578709024350494	5.7917705331150495
73	real	0.7415413138540641	2.30992974319742	7.259459586966161	21.9750525123642
73	FFNN-subtrees		3.0218117237091064	2.1286561489105225	6.0599913597106925
73	BEAST2		2.42669032684585	7.7851344627092995	19.1844534542983
74	CNN		3.3044538	2.64862241034384	6.90828740766608
74	BEAST2		3.0	5.5	25.1
74	FFNN-subtrees		3.734542608261109	1.1791245937347412	3.085292100906372
74	real	0.32800346569803995	3.5023546014584	3.0992487172362995	6.35722610832178
74	real-subtrees	0.362849399126009	3.6423107674294704	1.12685501265667	3.2953327654936304
74	FFNN		3.3044538	2.64862241034384	6.90828740766608
74	CNN-subtrees		3.689976692199707	1.1577417850494385	3.147502183914185
75	real	0.605017677164895	3.9837586048527793	7.83541433837908	17.3018441189359
75	real-subtrees	0.9070111542725501	4.784186237898661	9.739269865120733	40.0273567897926
75	BEAST2		3.6339771556579	7.4327300532184895	17.6402094232652
75	CNN		3.4887452000000003	7.612022350578769	16.626562664872598
75	FFNN-subtrees		4.185654640197754	9.619534492492676	34.23002243041992
75	FFNN		3.4887452000000003	7.612022350578769	16.626562664872598
75	CNN-subtrees		4.184608936309815	9.704113006591797	34.32901382446289
76	CNN-subtrees		1.0923784971237185	4.839920997619629	7.460249900817871
76	real	0.691824159284543	2.94847853908803	2.25787090243505	5.7917705331150495
76	FFNN-subtrees		1.0932815074920654	4.72701358795166	7.274258613586426
76	BEAST2		2.7219125959448	8.704334163840059	0.208814613371566
76	CNN		3.5200481	2.21617520367771	7.52985413044538
76	real-subtrees	0.176087602239528	1.1109038286238	4.96084152558445	7.44992680532855
76	FFNN		3.5200481	2.21617520367771	7.52985413044538
77	BEAST2		4.37922178656777	1.26979283888953	3.02574698380234
77	FFNN		4.1177244	1.28717712400779	2.73819310383623
77	FFNN-subtrees		2.85244083404541	4.946826457977295	17.897687911987305
77	real	0.362849399126009	3.6423107674294704	1.1268550126566699	3.29533276549363
77	CNN-subtrees		2.877279996871948	4.873639583587647	18.174177169799805
77	real-subtrees	0.31573505363974197	2.9342257113723296	4.65107236136891	19.6314123635054
77	CNN		4.1177244	1.28717712400779	2.73819310383623
78	CNN		4.258643599999999	10.995250685355801	33.5038075248096
78	FFNN-subtrees		4.015705585479736	4.963825702667236	18.819021224975586
78	FFNN		4.258643599999999	10.995250685355801	33.5038075248096
78	real-subtrees	0.7823454687341759	4.314997031640311	4.81485810636534	21.4907377532297
78	real	0.9070111542725501	4.78418623789866	9.73926986512073	40.0273567897926
78	BEAST2		4.01450072910006	9.57444569052861	36.7015550004581
78	CNN-subtrees		4.010592460632323	5.004158020019531	18.897008895874023
79	FFNN		1.0586505	5.31477142488375	7.4416248760545995
79	FFNN-subtrees		3.4539673328399663	8.33153247833252	29.51914978027344
79	real	0.176087602239528	1.1109038286238	4.96084152558445	7.44992680532855
79	CNN		1.0586505	5.31477142488375	7.4416248760545995
79	BEAST2		1.07542086409867	6.10478414695516	6.735546554842191
79	real-subtrees	0.504524531724421	3.48713468935426	8.48318011449799	30.160583945813702
79	CNN-subtrees		3.43824315071106	8.363687515258789	29.98885154724121
80	FFNN-subtrees		4.024782657623291	6.137564659118652	22.162153244018555
80	real	0.7823454687341759	4.31499703164031	4.81485810636534	21.4907377532297
80	real-subtrees	0.903842773768335	4.57730536616739	6.25705766713148	25.9887223989865
80	CNN		3.8276784	4.8594862884488705	19.3605852329272
80	BEAST2		4.20474503468849	4.983289109689389	20.6220028600213
80	FFNN		3.8276784	4.8594862884488705	19.3605852329272
80	CNN-subtrees		3.9761250019073486	6.171438217163086	21.95440673828125
81	CNN-subtrees		3.8821773529052734	4.960063934326172	15.194178581237793
81	real-subtrees	0.6175750552243111	3.9099870824619902	4.8209912275619295	15.551293176827901
81	FFNN-subtrees		3.8518106937408447	5.037949085235597	14.698208808898926
81	real	0.504524531724421	3.48713468935426	8.48318011449799	30.1605839458137
81	BEAST2		2.8698247520763	7.63879192486992	27.9047320831196
81	FFNN		2.9273843999999998	7.52412497177521	28.401749372146803
81	CNN		2.9273843999999998	7.52412497177521	28.401749372146803
82	real-subtrees	0.887936182248978	3.4327787260245013	7.874902465217482	16.539862710018898
82	real	0.903842773768335	4.57730536616739	6.25705766713148	25.9887223989865
82	BEAST2		4.76852079416177	7.348907402481309	19.879911076156898
82	FFNN		4.7866583	7.20423561269229	20.3279542999022
82	CNN		4.7866583	7.20423561269229	20.3279542999022
82	CNN-subtrees		3.4022979736328125	7.7353434562683105	16.238569259643555
82	FFNN-subtrees		3.4458138942718506	7.593989372253418	16.433088302612305
83	BEAST2		3.4934556686784903	4.8165769519023796	17.895742074052897
83	FFNN		3.4503272000000003	4.552992927398259	18.8201751006923
83	real-subtrees	0.8128307659723	3.875094999829789	6.846379690426871	4.76812724989863
83	CNN		3.4503272000000003	4.552992927398259	18.8201751006923
83	CNN-subtrees		3.76604962348938	6.598607540130615	4.691361904144287
83	FFNN-subtrees		3.7556769847869873	6.487719058990479	4.689424514770508
83	real	0.6175750552243111	3.9099870824619902	4.8209912275619295	15.551293176827901
84	real-subtrees	0.15070290584563598	1.4563783040666398	4.01290181923844	13.10296561384
84	BEAST2		4.028623364650951	7.70990112756523	20.765061428219102
84	FFNN-subtrees		1.4849929809570312	4.0041985511779785	13.147811889648438
84	CNN		4.117184	6.897924339673869	23.3661781105264
84	real	0.887936182248978	3.4327787260245	7.874902465217481	16.539862710018898
84	CNN-subtrees		1.4707027673721311	3.937865018844605	13.314375877380373
84	FFNN		4.117184	6.897924339673869	23.3661781105264
85	CNN-subtrees		1.1971275806427002	9.292243003845217	24.878597259521484
85	real-subtrees	0.124218461890226	1.21122253726497	9.31956530121985	25.752343331930398
85	BEAST2		4.61497415477407	7.48488350385808	4.890269301161459
85	real	0.8128307659723	3.87509499982979	6.846379690426871	4.76812724989863
85	FFNN-subtrees		1.2011936902999878	9.067299842834473	24.85514259338379
85	CNN		4.6884155	6.94839689236413	5.32842310056104
85	FFNN		4.6884155	6.94839689236413	5.32842310056104
86	BEAST2		1.43084228837915	4.0958313204128505	12.2768994936004
86	CNN-subtrees		3.945814609527588	1.9684149026870728	1.964503645896912
86	real-subtrees	0.287064654218774	4.28487210861018	2.19354796777215	2.01941169696394
86	FFNN		1.4392629	4.422392836128941	11.9256354437065
86	FFNN-subtrees		3.994163990020752	2.004239320755005	1.9399693012237549
86	CNN		1.4392629	4.422392836128941	11.9256354437065
86	real	0.15070290584563598	1.4563783040666398	4.01290181923844	13.102965613839999
87	BEAST2		1.17321072999988	9.07668180055431	25.9749418854517
87	FFNN-subtrees		4.276113986968993	4.988592624664307	15.247180938720705
87	real-subtrees	0.7978862096114008	4.740844577626339	5.0707642412859	17.368397048127502
87	CNN-subtrees		4.2473249435424805	4.943898677825928	15.485135078430176
87	real	0.124218461890226	1.2112225372649699	9.31956530121985	25.752343331930398
87	FFNN		1.1619135	9.73642356714882	25.4895830475645
87	CNN		1.1619135	9.73642356714882	25.4895830475645
88	FFNN		4.5086837	2.43079941711854	1.72040018279418
88	CNN		4.5086837	2.43079941711854	1.72040018279418
88	BEAST2		4.64456510057376	2.4762070246219703	1.7664653059971598
88	FFNN-subtrees		1.9083615541458132	4.526276111602783	17.57411003112793
88	CNN-subtrees		1.8847423791885376	4.534769535064697	17.584056854248047
88	real	0.287064654218774	4.28487210861018	2.19354796777215	2.01941169696394
88	real-subtrees	0.969111940083884	1.9775520011410708	4.720206796740602	18.3465213657537
89	real-subtrees	0.575876588981556	4.15723317478371	2.86303043868921	3.585094943731
89	BEAST2		3.6510140246723197	4.25515499217583	15.473801516877801
89	CNN		3.3360426	4.24745617999533	14.6726582824352
89	FFNN		3.3360426	4.24745617999533	14.6726582824352
89	CNN-subtrees		3.997235774993897	2.6139492988586426	3.5032434463500977
89	FFNN-subtrees		4.012834548950194	2.540425062179565	3.627153396606445
89	real	0.7978862096114008	4.74084457762634	5.0707642412859	17.368397048127502
90	BEAST2		4.45992988043664	2.6395655608963797	4.57588076605416
90	CNN		4.476902	2.4397613345141203	4.9500627372183
90	FFNN		4.476902	2.4397613345141203	4.9500627372183
90	FFNN-subtrees		1.287380933761597	8.993975639343262	38.14033126831055
90	real-subtrees	0.5723858711868559	1.29751231922884	8.32565593468494	40.25210715500271
90	real	0.575876588981556	4.15723317478371	2.86303043868921	3.585094943731
90	CNN-subtrees		1.2820382118225098	8.772936820983888	38.20810317993164
91	CNN		1.3651556	8.69674964698933	39.7211333791608
91	FFNN		1.3651556	8.69674964698933	39.7211333791608
91	FFNN-subtrees		3.2013051509857178	7.361513137817383	25.42171287536621
91	CNN-subtrees		3.179306745529175	7.595694065093994	24.787700653076172
91	BEAST2		1.3446569152210501	8.67857862189928	40.0381153980424
91	real-subtrees	0.024412580832832997	3.37002602193618	6.913123575342669	30.1384006494361
91	real	0.5723858711868559	1.29751231922884	8.32565593468494	40.252107155002705
92	CNN		3.6065123	7.64636797422345	31.2717168011298
92	BEAST2		3.63671607404387	7.168490380397	32.0066206718532
92	real-subtrees	0.176422734291013	3.1024852520299704	9.20317733157302	34.97846674878429
92	real	0.024412580832832997	3.37002602193618	6.913123575342669	30.1384006494361
92	FFNN		3.6065123	7.64636797422345	31.2717168011298
92	CNN-subtrees		3.1037523746490483	9.155858039855957	33.385448455810554
92	FFNN-subtrees		3.099692106246948	9.30760669708252	33.064590454101555
93	BEAST2		3.03454773053331	8.04518888887465	35.5150045036623
93	CNN		2.7714505000000003	8.19425171973181	32.6053251060003
93	CNN-subtrees		3.9736516475677486	3.551971435546875	9.742514610290527
93	FFNN		2.7714505000000003	8.19425171973181	32.6053251060003
93	real-subtrees	0.7397061400763271	4.61350742894217	3.861565466633462	10.7521578321076
93	FFNN-subtrees		4.055452823638916	3.460227727890014	9.914652824401855
93	real	0.176422734291013	3.1024852520299704	9.20317733157302	34.9784667487843
94	FFNN		4.0191865	4.19872220425038	6.746748098646769
94	CNN-subtrees		3.739140033721924	10.258831024169922	39.215721130371094
94	real	0.7397061400763271	4.61350742894217	3.86156546663346	10.7521578321076
94	real-subtrees	0.7234656189874109	4.22756841807907	9.69442839073066	48.1190903267137
94	FFNN-subtrees		3.728703022003174	10.027687072753906	39.33066940307617
94	BEAST2		4.14228050497885	3.96742202662992	7.64735439150398
94	CNN		4.0191865	4.19872220425038	6.746748098646769
95	CNN-subtrees		3.029853820800781	2.1989216804504395	3.6464266777038574
95	real-subtrees	0.278416699249097	2.9265341621266305	2.25489779243658	3.4321089284242405
95	BEAST2		3.28330228924936	8.60191054329277	40.2990146827955
95	FFNN		3.270573	8.89364000897809	37.6488293601126
95	real	0.7234656189874109	4.22756841807907	9.69442839073066	48.1190903267137
95	CNN		3.270573	8.89364000897809	37.6488293601126
95	FFNN-subtrees		3.0164175033569336	2.279040813446045	3.448347568511963
96	FFNN		2.9926698	1.9775672422876698	4.03787806243698
96	real	0.278416699249097	2.92653416212663	2.25489779243658	3.4321089284242405
96	CNN		2.9926698	1.9775672422876698	4.03787806243698
96	real-subtrees	0.48029474654307397	2.13162713890358	6.5992052881296805	25.5444691629199
96	FFNN-subtrees		2.1797113418579097	6.972830772399902	25.31618309020996
96	CNN-subtrees		2.1699135303497314	6.941554069519043	25.227693557739254
96	BEAST2		3.00275538454598	2.13373532409181	3.66502344513189
97	CNN-subtrees		1.0947726964950562	10.114594459533693	42.3752555847168
97	real-subtrees	0.32154396609581104	1.126430673328	9.3008895528065	43.6483772247317
97	real	0.48029474654307397	2.13162713890358	6.5992052881296805	25.5444691629199
97	FFNN-subtrees		1.0929284095764158	10.439922332763672	42.22641372680664
97	BEAST2		2.23360801311872	7.344550235183361	23.7571418502517
97	FFNN		2.2190652	7.65153614140783	22.490929058091698
97	CNN		2.2190652	7.65153614140783	22.490929058091698
98	BEAST2		1.28423432323957	9.415814651572829	43.90934257757421
98	CNN-subtrees		1.4605424404144287	7.733425617218018	9.610947608947754
98	FFNN		1.2506129	10.1783599593565	42.5374372358105
98	real	0.32154396609581104	1.126430673328	9.3008895528065	43.6483772247317
98	CNN		1.2506129	10.1783599593565	42.5374372358105
98	FFNN-subtrees		1.4682542085647583	7.6863250732421875	9.5210599899292
98	real-subtrees	0.894496690411466	1.54351097069941	8.14045653610895	9.47195885921887
99	CNN-subtrees		1.1564887762069702	6.092908382415772	24.40185356140137
99	real-subtrees	0.488340826384015	1.18040544994298	6.04629817569697	24.891265064214096
99	BEAST2		1.4955040179998702	7.83530599341588	9.47624064901336
99	FFNN		1.4326549	7.41958242515309	9.66697937193424
99	real	0.894496690411466	1.54351097069941	8.14045653610895	9.47195885921887
99	CNN		1.4326549	7.41958242515309	9.66697937193424
99	FFNN-subtrees		1.1547664403915403	5.9694647789001465	24.362815856933594
