	type	p	R0	SS transmission ratio	SS fraction	infectious period
0	real	0.461260252660816	2.64920520837786	5.822534363555031	0.082393652494383	8.652653587686808
0	CNN (large)		2.657824	6.245863	0.07698032	8.93505383621319
0	real-subtrees	0.461260252660816	2.649205208377861	5.822534363555031	0.082393652494383	8.652653587686808
0	FFNN (large)		2.536304	5.2393456	0.0831581	8.66871418643193
0	FFNN (huge, subtrees)		2.8156665830307346	5.475855178277269	0.10270797086555196	8.864758100839355
0	CNN (huge, subtrees)		2.9399379883986185	5.65258681719706	0.11167484928172784	9.289955793605936
1	real-subtrees	0.39608983330828795	4.6019663634280406	6.8278974530492285	0.17823614470480298	2.5062917444152
1	FFNN (large)		3.5892203	5.631357	0.13319415	2.25221159655289
1	real	0.39608983330828795	4.6019663634280406	6.82789745304923	0.178236144704803	2.5062917444152
1	CNN (large)		3.6664032999999994	5.128317	0.13277888	2.25079593124219
1	CNN (huge, subtrees)		4.356194178752279	6.5934156476135986	0.13803198120883242	2.3635904771433136
1	FFNN (huge, subtrees)		4.484523541885566	6.384957220682857	0.13675413661475358	2.4161798017331426
2	FFNN (large)		4.0441265	9.367858	0.13842419	1.6488275207267902
2	real	0.877609103627505	4.10961469746316	8.89267147319211	0.17877958433958702	1.7534045983760402
2	CNN (huge, subtrees)		4.078823829871654	8.29009353664239	0.15922643266320366	1.6588826393327996
2	CNN (large)		4.014543499999999	9.504201	0.15003058	1.62239759349204
2	real-subtrees	0.877609103627505	4.10961469746316	8.89267147319211	0.17877958433958702	1.7534045983760402
2	FFNN (huge, subtrees)		4.081823501993496	8.253178859404809	0.1533927330058064	1.68805631747013
3	real-subtrees	0.7122768696249259	1.9947813721479897	9.730822945567287	0.103991949893642	2.9981952191038
3	real	0.7122768696249259	1.99478137214799	9.73082294556729	0.103991949893642	2.9981952191038
3	CNN (huge, subtrees)		1.9437921541838592	9.05090548534357	0.12224770273602507	2.8652618741014613
3	CNN (large)		1.7548118000000001	8.347116	0.101659745	2.9765981924432303
3	FFNN (large)		1.763269	9.188676	0.057502232	2.91965599026412
3	FFNN (huge, subtrees)		1.9093470832920802	8.975688408762784	0.12451006990004004	2.844213633312925
4	FFNN (huge, subtrees)		3.606138838797893	4.8151704078725945	0.12693428963083148	7.599708701131012
4	CNN (large)		2.8163647999999997	4.9773073	0.110188484	6.717438135779459
4	CNN (huge, subtrees)		3.569605951023917	4.915654747506492	0.13023695974608093	7.402865129522449
4	FFNN (large)		2.9225762000000004	5.335637	0.09041456	6.819788245915491
4	real-subtrees	0.77953914128421	3.36079942893399	4.48078348861387	0.173013541942318	7.2660109795361505
4	real	0.77953914128421	3.36079942893399	4.48078348861387	0.173013541942318	7.2660109795361505
5	FFNN (huge, subtrees)		4.323318771878212	6.542851818043295	0.07616995844294973	6.720609166991676
5	real	0.395018424187233	4.14413000439586	6.9330793057453	0.06537957116224401	6.73838735110823
5	CNN (huge, subtrees)		4.269611956360074	6.5846180536433945	0.08333879007874212	6.7371542529551425
5	CNN (large)		4.191569	7.818757499999999	0.079999655	7.14952502754088
5	FFNN (large)		4.145395	7.897953	0.080172725	7.02928515013569
5	real-subtrees	0.395018424187233	4.14413000439586	6.9330793057453	0.06537957116224401	6.73838735110823
6	real	0.7134153007803079	3.2712245477381803	6.85197260761062	0.053352628031815	4.20015684375498
6	CNN (huge, subtrees)		3.41173507832469	6.303490924616089	0.08019348984232527	4.365212747963366
6	CNN (large)		3.202271	6.4651175	0.07190579	4.25316034250415
6	FFNN (huge, subtrees)		3.4398974389832717	6.0710433322459485	0.08141320561686792	4.384025090835372
6	FFNN (large)		3.1289358	5.918521	0.089803405	4.25141874031676
6	real-subtrees	0.7134153007803079	3.2712245477381803	6.85197260761062	0.053352628031814994	4.2001568437549786
7	CNN (huge, subtrees)		3.896691159932293	7.607313109940682	0.15185865790256153	3.7580366727995744
7	real-subtrees	0.289480549493149	3.8163329780858697	9.38669596296293	0.19333856681533	3.76116531604641
7	FFNN (large)		3.7806406000000004	8.739186	0.13030422	3.6192813008212203
7	CNN (large)		3.6813019999999996	8.251633	0.16906697	3.5473482336675
7	FFNN (huge, subtrees)		3.8108491137648817	7.65514162063106	0.1401527040933556	3.6557420599788526
7	real	0.289480549493149	3.81633297808587	9.38669596296293	0.19333856681533	3.76116531604641
8	real	0.7329274954672641	3.88456593619075	6.453557544919809	0.13902806815132002	3.34490124168293
8	real-subtrees	0.7329274954672641	3.884565936190752	6.453557544919812	0.13902806815132002	3.3449012416829302
8	FFNN (large)		3.78745	5.967016	0.14049387	3.26382682183586
8	CNN (huge, subtrees)		3.765904065697317	6.921475524074317	0.12338763792095972	3.1285005702568025
8	FFNN (huge, subtrees)		3.931660161964343	6.59606438619449	0.1119473924110975	3.30171853586738
8	CNN (large)		3.6141337999999994	6.002508	0.158084	3.28478524275096
9	CNN (huge, subtrees)		1.550552722977978	8.361303200537556	0.10576862195914397	1.308516236184663
9	real	0.23945342019921803	1.51209426689296	8.87361015512617	0.10596317840989301	1.28886110313017
9	FFNN (large)		1.531907	8.530853	0.10056359	1.3116988849996
9	FFNN (huge, subtrees)		1.5188979642926708	8.511239384035866	0.10508852428856584	1.2735487179609497
9	CNN (large)		1.5437583000000001	8.731164	0.11347595	1.32390846331162
9	real-subtrees	0.2394534201992181	1.51209426689296	8.87361015512617	0.10596317840989301	1.28886110313017
10	FFNN (huge, subtrees)		3.912836447600821	3.8394083313300698	0.08603674837516521	5.410315251117422
10	FFNN (large)		4.453129	5.139456299999999	0.10678438	6.2793936404792
10	real-subtrees	0.31019684538667197	3.8140502989170098	3.9937440906759503	0.079079696125071	5.3405836494804815
10	real	0.31019684538667197	3.8140502989170098	3.9937440906759503	0.079079696125071	5.340583649480481
10	CNN (huge, subtrees)		3.823518842620518	4.2475351027708665	0.0878468967970719	5.35899606955889
10	CNN (large)		4.384904	5.051307700000001	0.12123847	6.263303172372741
11	FFNN (large)		3.1290374	5.4131093	0.09471627	5.7830877733722605
11	real-subtrees	0.23467890343741196	3.16244482543827	5.60870000073314	0.14079103914262805	5.956218596707671
11	real	0.23467890343741196	3.16244482543827	5.60870000073314	0.14079103914262803	5.95621859670767
11	CNN (huge, subtrees)		3.060242883510872	6.1091042396496	0.11950799757965852	5.8035132268440925
11	FFNN (huge, subtrees)		3.0390302045185726	5.804755176980716	0.11233103010859766	5.6793546260858445
11	CNN (large)		3.0782933	5.234503	0.13555446	5.79805446482551
12	CNN (huge, subtrees)		2.2788011878558825	5.71892630133442	0.08504356766768821	3.299002941349727
12	real-subtrees	0.723426919554467	2.1459970706478404	6.19906152788082	0.061143501277811	3.1850288626548
12	real	0.723426919554467	2.1459970706478404	6.19906152788082	0.061143501277811	3.1850288626548
12	FFNN (huge, subtrees)		2.285943783325615	5.601406227791129	0.07596928992545905	3.2960387953065022
12	FFNN (large)		2.1083853	5.528216400000001	0.07214	3.2836248314790697
12	CNN (large)		2.0753044999999997	6.1412873	0.08212173	3.29546943964859
13	FFNN (large)		2.9810083	8.218747	0.14648539	3.5606879292594
13	real-subtrees	0.836990229982422	3.5727933448740004	9.53789219225014	0.186114015513743	4.4586869621996
13	real	0.836990229982422	3.572793344874	9.53789219225014	0.18611401551374301	4.4586869621996
13	CNN (huge, subtrees)		3.4033579913839023	8.66583386128083	0.15047842742142986	4.1680986136658795
13	FFNN (huge, subtrees)		3.4953259272664825	8.651893314050168	0.1432216313712328	4.383412242599233
13	CNN (large)		3.002296	8.102988999999999	0.17017934	3.63846741742243
14	CNN (large)		4.5085296999999995	6.903115299999999	0.10105406	1.64290156266246
14	real-subtrees	0.39395107704374	4.69091099583	8.853666643866823	0.118599950921005	1.74493538980816
14	FFNN (huge, subtrees)		4.310830490308042	7.945266026880628	0.11151024358515292	1.5858172747720054
14	FFNN (large)		4.5925117	6.453905000000001	0.109330945	1.64167862231886
14	CNN (huge, subtrees)		4.300136349535169	7.886145253707553	0.10978493727078756	1.5857932777131425
14	real	0.39395107704374	4.69091099583	8.85366664386682	0.118599950921005	1.7449353898081599
15	FFNN (large)		4.7238803	5.475232599999999	0.124801345	3.96049438090284
15	real	0.199057637812149	4.55721578864157	5.3930226527064695	0.13070163337108	4.01077214044806
15	CNN (large)		4.583610500000001	5.220472	0.10391921	3.8400870012685098
15	real-subtrees	0.199057637812149	4.55721578864157	5.3930226527064695	0.13070163337108	4.01077214044806
15	CNN (huge, subtrees)		4.288960926790127	5.558241897912073	0.11080556387201088	3.8287971527966977
15	FFNN (huge, subtrees)		4.297982410313452	5.496867856073487	0.10286086475617333	3.7666448992227743
16	CNN (huge, subtrees)		3.4500464927255683	7.707448052782411	0.10099617895679464	3.791933432791018
16	CNN (large)		3.9027220000000002	8.79495	0.07926828	4.32327501644669
16	FFNN (large)		4.105404	8.429476	0.08676001	4.57032948504646
16	real-subtrees	0.20115537022704397	3.3792461194683208	7.58741490743356	0.08831668286533799	3.6677631305888494
16	FFNN (huge, subtrees)		3.3948055033753537	7.700013962860132	0.09019601220124096	3.7318366789416513
16	real	0.20115537022704397	3.37924611946832	7.58741490743356	0.088316682865338	3.6677631305888503
17	real	0.7028525340141579	1.37316949441976	7.81693191750988	0.08958738627331199	6.80913770444925
17	CNN (large)		1.4941633	6.2257524	0.11417726	6.955109856390379
17	real-subtrees	0.7028525340141579	1.37316949441976	7.81693191750988	0.08958738627331199	6.809137704449251
17	FFNN (huge, subtrees)		1.3820720336538488	7.430116310503218	0.09865556441836756	6.796083755112438
17	CNN (huge, subtrees)		1.3920257868538493	7.6194843813658455	0.09626495702191908	6.883815039998684
17	FFNN (large)		1.419025	6.5838375	0.08033135	6.58484103896286
18	real	0.21438929604513499	1.98850107714524	5.45224480261265	0.081250009878902	3.8468127394305496
18	CNN (huge, subtrees)		2.1128249106729666	5.277897484144949	0.1013886240472611	4.063115899212351
18	CNN (large)		1.8306699	5.953167	0.13664344	3.6244808997148596
18	FFNN (huge, subtrees)		2.125366870675137	5.301586561875994	0.10024016429661524	4.086654361970194
18	FFNN (large)		1.7483163000000002	4.973785400000001	0.08982240400000001	3.3853299422297995
18	real-subtrees	0.21438929604513496	1.98850107714524	5.45224480261265	0.081250009878902	3.8468127394305496
19	real	0.45888740102753706	2.6204935890626	7.871821714025639	0.18717849216727997	3.7287256560400004
19	CNN (large)		2.225988	6.4738135	0.1448845	3.42193122239799
19	FFNN (huge, subtrees)		2.5385572080700127	7.3839326247153725	0.1430142494124001	3.5627524779003505
19	real-subtrees	0.45888740102753706	2.6204935890626	7.871821714025638	0.18717849216727997	3.7287256560400004
19	FFNN (large)		2.195744	7.146629300000001	0.17011756	3.4726423896065097
19	CNN (huge, subtrees)		2.559189455698707	7.235154975402644	0.14669684357301935	3.6449455185477535
20	real	0.6205353534473249	1.1983312069614098	4.08347110548798	0.10290671176789301	9.55316854711653
20	CNN (large)		1.2369288	5.393619999999999	0.11112434	9.88173734677428
20	CNN (huge, subtrees)		1.2407123600704628	4.328397797353087	0.09645022192632244	9.786757423445497
20	FFNN (large)		1.2501252	4.6780887	0.10646929599999999	9.707594936424641
20	FFNN (huge, subtrees)		1.2225317576823875	4.162872793067965	0.09460243860161617	9.807203270120231
20	real-subtrees	0.6205353534473249	1.1983312069614098	4.08347110548798	0.102906711767893	9.55316854711653
21	FFNN (large)		3.5932032999999994	6.9211674	0.12057725	7.9331653732307394
21	real-subtrees	0.47791620180899	3.9444310573991097	7.301578560251992	0.11046244766344496	8.340092968542729
21	CNN (large)		3.6260103999999997	7.1996455	0.11193073	7.8081184513516995
21	CNN (huge, subtrees)		3.9672739702413335	7.077068425037003	0.11329712211719127	7.997087366666314
21	real	0.47791620180899	3.9444310573991097	7.301578560251991	0.11046244766344501	8.34009296854273
21	FFNN (huge, subtrees)		4.005899403490416	7.0721942054569285	0.10373067968986027	8.14765581124364
22	real-subtrees	0.091365841239074	3.0431277222339204	5.381041615744211	0.097661058535367	1.82898063360519
22	real	0.091365841239074	3.04312772223392	5.381041615744211	0.097661058535367	1.82898063360519
22	CNN (huge, subtrees)		3.2373432200576757	5.884817363748728	0.11218233374592702	1.9738901702912302
22	FFNN (large)		4.1674633000000005	6.611572	0.08085396	2.67143761331588
22	CNN (large)		4.0331410000000005	6.3425827	0.09467232	2.61915259349806
22	FFNN (huge, subtrees)		3.2663034953115067	5.93759567294738	0.1011061339240488	1.94338191921479
23	real	0.317622678123324	2.79379090079521	4.42919146372262	0.084001986729897	2.2900383780428597
23	FFNN (large)		3.1611636	3.8490292999999998	0.10829805599999999	2.57144037956321
23	CNN (huge, subtrees)		3.021946636149056	4.662665315262093	0.09898841452265332	2.4814541941525223
23	real-subtrees	0.317622678123324	2.79379090079521	4.42919146372262	0.084001986729897	2.29003837804286
23	FFNN (huge, subtrees)		2.984560224455527	4.522588154775821	0.09608943266024886	2.4374813464575524
23	CNN (large)		3.3596582	3.6598968999999997	0.082496494	2.64423761106468
24	FFNN (large)		2.0784838	5.499761599999999	0.12086626	2.83238911445827
24	real-subtrees	0.814489863390116	2.0354736346771896	5.198781117182451	0.126137778607465	2.70728122668598
24	CNN (large)		2.0611196	6.5765357	0.16152698	2.93267377610163
24	real	0.814489863390116	2.03547363467719	5.198781117182451	0.126137778607465	2.70728122668598
24	FFNN (huge, subtrees)		2.074594132661719	5.359355754439396	0.12165211287051905	2.722990708222856
24	CNN (huge, subtrees)		2.0794793852941984	5.5199546358975216	0.1216108459241754	2.673512229753072
25	CNN (large)		1.4288610000000002	7.024396	0.08004746	1.78749008104541
25	FFNN (huge, subtrees)		1.4495103149875417	6.1608478286183646	0.12657477267239564	1.818085556712824
25	real-subtrees	0.17336250697437902	1.41791538554536	5.758736147880392	0.15756691941681406	1.8130874476380199
25	CNN (huge, subtrees)		1.4453544227234807	6.311725843445153	0.1217048633354032	1.8362786907324968
25	FFNN (large)		1.4318957	6.056921	0.11114191	1.7320031656607402
25	real	0.17336250697437902	1.4179153855453601	5.75873614788039	0.157566919416814	1.8130874476380199
26	CNN (large)		2.101948	3.7570791	0.07926625	7.610711566324969
26	real-subtrees	0.928608234139283	2.03380357358174	4.191314528067871	0.057129141087024	7.728637575172813
26	CNN (huge, subtrees)		2.2452423286683434	4.067776475259079	0.08291833778201244	7.9652118247834185
26	real	0.928608234139283	2.03380357358174	4.1913145280678705	0.057129141087024	7.72863757517281
26	FFNN (large)		2.1431317	4.1595892999999995	0.06433442	7.73218007937415
26	FFNN (huge, subtrees)		2.288141946569165	3.934266245784089	0.07599551226569484	8.150500379727585
27	CNN (large)		1.3952211	4.0538383	0.08013731	3.78159940293343
27	CNN (huge, subtrees)		1.2449581306684354	4.27470439460677	0.09613562177021144	3.8614354747373874
27	FFNN (large)		1.3244388	3.6988401	0.09255884	3.7121066928196096
27	real	0.40810159128264395	1.27290420295944	3.73274211740577	0.09911085890946	3.78495393118026
27	FFNN (huge, subtrees)		1.2468472903322878	3.916387813647992	0.08765249445823718	3.8572444126950036
27	real-subtrees	0.40810159128264395	1.2729042029594402	3.7327421174057696	0.09911085890946	3.78495393118026
28	real	0.729681085771673	2.03468700299685	7.793218731569341	0.06566127174561401	8.39001793696708
28	CNN (large)		2.3141847	6.617291499999999	0.07249257	8.421892151109361
28	FFNN (large)		2.2427203999999996	7.977644000000001	0.069001645	8.371189257043671
28	CNN (huge, subtrees)		2.0334333542202625	7.1174755285187565	0.08586785400229963	8.455036529712354
28	FFNN (huge, subtrees)		2.0483844399404543	7.125025811869667	0.07987795593312591	8.525140453779935
28	real-subtrees	0.729681085771673	2.03468700299685	7.793218731569339	0.06566127174561401	8.39001793696708
29	FFNN (large)		1.9346807000000001	3.8665769999999995	0.08229675	2.75604147148138
29	CNN (large)		1.983832	3.7330012000000004	0.06786597	2.7609160741823597
29	real-subtrees	0.9336823043418578	1.9330143527100705	4.26810892674345	0.12738155900031098	2.8243193489717
29	real	0.9336823043418578	1.93301435271007	4.26810892674345	0.12738155900031098	2.8243193489717
29	CNN (huge, subtrees)		1.989854574693318	4.506282282100568	0.11565281794307405	2.7902301206488596
29	FFNN (huge, subtrees)		2.0539917003217667	4.5823898984859435	0.1060152502160442	2.9426066054726023
30	CNN (large)		3.7671837999999997	8.497809	0.14937246	9.954170969454688
30	CNN (huge, subtrees)		3.9296047764539903	7.0076124424051285	0.12650896328971795	10.126286159986384
30	FFNN (huge, subtrees)		3.9818242570639084	7.039216238808341	0.12178800383635598	10.11524878227639
30	real	0.288395892547558	3.74574874495731	6.886147498515821	0.151450141971987	9.706436848296269
30	real-subtrees	0.288395892547558	3.74574874495731	6.886147498515822	0.151450141971987	9.706436848296269
30	FFNN (large)		3.9327351999999998	8.599267	0.13805756	10.5126891801603
31	FFNN (huge, subtrees)		2.5877063657094497	6.030701860245219	0.1352817362049138	2.7294213803958924
31	real	0.255716907946748	2.61405850477718	5.99739297880047	0.18776417793994002	2.7815753763808
31	CNN (large)		2.3365172999999997	6.54051	0.1649948	2.57923103943451
31	real-subtrees	0.255716907946748	2.61405850477718	5.99739297880047	0.18776417793994	2.7815753763808
31	FFNN (large)		2.3300586	5.552045	0.15491173	2.53812647507805
31	CNN (huge, subtrees)		2.5954840606604344	5.999780446263263	0.13927264229908498	2.7707277939051416
32	real-subtrees	0.5268332639358689	3.8824566468341803	5.5011443823472215	0.19115738391692802	2.31252565808202
32	CNN (large)		3.5526152	6.306879	0.11899027	2.22625590584517
32	real	0.5268332639358689	3.8824566468341803	5.501144382347221	0.19115738391692802	2.31252565808202
32	FFNN (large)		3.6747887	5.578275700000001	0.0916278	2.2349918926031096
32	CNN (huge, subtrees)		4.0059151322551	5.880952671533545	0.14852903052058164	2.3609248864552383
32	FFNN (huge, subtrees)		4.051192668815143	5.7716031862113795	0.1499966095542274	2.391555645092161
33	CNN (huge, subtrees)		3.2340974789024317	6.410424304683208	0.09120319487880613	4.755613352537795
33	FFNN (large)		3.5293143	6.9715753	0.10427358	5.316909612077089
33	FFNN (huge, subtrees)		3.1479636612226094	6.512653833774219	0.07982021071089125	4.66772384491865
33	real-subtrees	0.6675797849745689	3.0174211807172298	6.6832556697821	0.06675077217284599	4.56336728167284
33	real	0.6675797849745689	3.0174211807172298	6.6832556697821	0.06675077217284599	4.56336728167284
33	CNN (large)		3.5388608	7.609146000000001	0.11559304599999999	5.34265136298915
34	FFNN (large)		2.1778889	4.6839314000000005	0.13926202	9.63406394386414
34	real	0.7725724158879259	1.96292293769294	3.5102774938104906	0.168991557048768	8.480048720668089
34	real-subtrees	0.7725724158879259	1.96292293769294	3.5102774938104906	0.168991557048768	8.480048720668089
34	CNN (large)		2.2341816000000003	4.739596	0.14209720000000003	9.57279194488006
34	FFNN (huge, subtrees)		2.1243080748452083	3.951509841007215	0.10946479432664262	9.064413930310144
34	CNN (huge, subtrees)		2.098846167325973	4.18173962643853	0.1122003564266143	8.798560543744653
35	CNN (large)		2.9899607000000006	3.6212419999999996	0.097307295	5.96675907184618
35	real	0.268306759418787	3.12316189903225	4.0947869088009305	0.157419569214806	6.46877336287341
35	FFNN (huge, subtrees)		3.371431595017744	4.014105482965476	0.11512320289431616	6.88216638749884
35	CNN (huge, subtrees)		3.30915774301041	4.170063051142433	0.11492199652878812	6.699027007171352
35	FFNN (large)		2.9192264	3.6242297	0.109016694	5.87402171805616
35	real-subtrees	0.268306759418787	3.1231618990322505	4.0947869088009305	0.15741956921480602	6.46877336287341
36	real	0.7358167579898159	4.467284897444981	9.98052557349658	0.10057092656131301	5.4287478969718
36	CNN (huge, subtrees)		4.076985385069226	9.001797129927475	0.11568006671292876	4.7227494679300985
36	FFNN (huge, subtrees)		4.240735860894433	9.082374946186931	0.1129394208121952	5.027031100824551
36	real-subtrees	0.7358167579898159	4.467284897444978	9.98052557349658	0.100570926561313	5.4287478969718
36	FFNN (large)		4.6951529999999995	7.617756	0.10638509	5.17883700470056
36	CNN (large)		4.6318264000000005	8.432125	0.12012288	5.15322822489111
37	CNN (large)		2.6961812999999997	4.0697019999999995	0.09025097	6.88529659562127
37	FFNN (large)		2.7422560000000002	3.8856285	0.09464208	7.05113134774204
37	real	0.609308005183699	2.40092709909084	3.8096335482972203	0.091959107885679	6.030870755799319
37	FFNN (huge, subtrees)		2.571418250867172	4.163146415732307	0.08919141174813135	6.345167982328102
37	CNN (huge, subtrees)		2.5354549392119665	4.1869455336050985	0.09727626916937683	6.273964730993698
37	real-subtrees	0.609308005183699	2.40092709909084	3.8096335482972203	0.091959107885679	6.0308707557993175
38	FFNN (large)		2.3295066	7.9112034	0.15697318	1.2743081593495702
38	real	0.22060499154179397	2.3489324918661802	7.27600936397112	0.14463687324744298	1.32976894597154
38	real-subtrees	0.22060499154179397	2.34893249186618	7.27600936397112	0.14463687324744298	1.32976894597154
38	FFNN (huge, subtrees)		2.450454585413827	7.267935303616348	0.12474933011514648	1.3541341365707211
38	CNN (huge, subtrees)		2.452926141072397	7.196354901600218	0.12796957162181646	1.37510425897252
38	CNN (large)		2.3912772999999996	8.260895	0.15711182	1.30490403791038
39	real	0.812305308124785	2.00158284659139	7.09479376307817	0.193084929191563	5.890982397325031
39	CNN (large)		2.090262	6.846367	0.115320325	6.428936712658969
39	FFNN (huge, subtrees)		1.9898727925289417	6.845292200022845	0.14302244082271653	5.919196570237754
39	FFNN (large)		2.1733729999999998	6.898186999999999	0.10093253	6.3218472492074795
39	CNN (huge, subtrees)		2.013370905828821	6.884140107541883	0.15310435247230958	5.891745647845289
39	real-subtrees	0.812305308124785	2.00158284659139	7.09479376307817	0.193084929191563	5.890982397325032
40	real-subtrees	0.400146188691924	4.04924911943438	7.15030422630158	0.15253950734001098	1.5498106501424598
40	FFNN (large)		3.648575	5.585431	0.13323346	1.40052003673403
40	CNN (large)		3.6055374	5.9520955	0.12271923	1.38848512253938
40	CNN (huge, subtrees)		3.8798507038489687	7.308224993709384	0.13370424597178238	1.4775444061249112
40	real	0.400146188691924	4.04924911943438	7.15030422630158	0.15253950734001098	1.5498106501424598
40	FFNN (huge, subtrees)		3.9763159512013866	7.521765853180764	0.13238575799650806	1.5263182483204687
41	real	0.8493613699872091	4.01485491403103	4.37408621465075	0.116753207536254	7.78383811944723
41	CNN (large)		3.1456098999999997	3.9210934999999996	0.08694324	6.39542960832883
41	CNN (huge, subtrees)		3.8921961089846087	4.29994695680172	0.11209268097289092	7.398164512109531
41	FFNN (large)		3.2242715	3.8695314	0.098054625	6.55451174615657
41	FFNN (huge, subtrees)		3.9911982759783102	4.220539466577531	0.0984423865891355	7.6682116048045055
41	real-subtrees	0.8493613699872091	4.014854914031028	4.37408621465075	0.116753207536254	7.783838119447229
42	CNN (huge, subtrees)		1.0724021994581303	5.545651099361406	0.1023659592486195	4.111952542793687
42	real	0.61061237965055	1.0093899653859202	5.097036795640849	0.119660888529438	3.9361414784238304
42	FFNN (large)		1.0504388999999998	5.6180177	0.14193916	3.9130755316652
42	real-subtrees	0.61061237965055	1.0093899653859202	5.0970367956408476	0.119660888529438	3.9361414784238304
42	FFNN (huge, subtrees)		1.06195735274612	5.252646104467607	0.09601598107778947	4.031552234277984
42	CNN (large)		1.0672169	4.98566	0.12645309999999998	3.90361794053879
43	FFNN (large)		3.22523	7.96782	0.09852239	8.45170663453018
43	real-subtrees	0.207951695077553	3.79904695387494	9.206928998826381	0.191476863667498	9.278141507488801
43	FFNN (huge, subtrees)		3.6358638787946553	7.436081124330528	0.14271612491959093	8.665242413352653
43	real	0.207951695077553	3.7990469538749396	9.206928998826381	0.191476863667498	9.278141507488801
43	CNN (huge, subtrees)		3.6786731447703622	7.513502980609751	0.14127382343451408	8.805467169371859
43	CNN (large)		3.1514306	8.818663	0.16033301	8.23472629030557
44	CNN (huge, subtrees)		1.709501885139065	6.9752469157550845	0.1408553914933499	2.8992600948386444
44	FFNN (large)		1.698533	8.333542999999999	0.14930752	3.1303907369546904
44	real-subtrees	0.453220652195595	1.6888448872604898	6.6662897581377685	0.168866566890253	2.8351281849347902
44	FFNN (huge, subtrees)		1.6757525311090753	6.696228273164334	0.14968961859986452	2.8710024242110963
44	real	0.453220652195595	1.68884488726049	6.666289758137769	0.168866566890253	2.8351281849347902
44	CNN (large)		1.7326891	8.242149000000001	0.15138933	3.1466609155560694
45	real-subtrees	0.990844714621218	2.16640918874277	8.472412350027211	0.134945923945783	7.806242205373857
45	CNN (huge, subtrees)		2.1818606696714853	8.329130605296736	0.13174823809637595	7.4981049869728675
45	real	0.990844714621218	2.16640918874277	8.47241235002721	0.134945923945783	7.80624220537386
45	FFNN (huge, subtrees)		2.19442442803434	8.320546140897148	0.12683413315359018	7.743632428496393
45	FFNN (large)		1.9458336999999999	7.485767	0.08591322	7.328716127863211
45	CNN (large)		1.8524425	6.8224100000000005	0.14940515	7.338925948890849
46	CNN (large)		2.5703240000000003	4.308797	0.11422813	1.56025358801487
46	CNN (huge, subtrees)		3.5911636739142887	4.18376597295767	0.11223549892706368	1.8578517114167008
46	FFNN (huge, subtrees)		3.7069007673042416	4.121115853996395	0.09810703845330107	1.9042161363284975
46	real	0.7704627433127941	3.3989855511069	3.85862311387208	0.11897472255715501	1.81498267756794
46	real-subtrees	0.7704627433127941	3.3989855511069003	3.85862311387208	0.118974722557155	1.81498267756794
46	FFNN (large)		2.6913723999999997	4.2194023000000005	0.083895065	1.58395509419741
47	CNN (large)		4.320631	6.60054	0.08138382400000001	5.83883334302341
47	CNN (huge, subtrees)		4.2882896241065005	4.871130888615885	0.1156400887523928	5.4207428403054525
47	FFNN (large)		4.463333	5.8587837	0.07659621	6.059834290176151
47	real	0.686890910810614	4.89741432381816	5.22466980919591	0.12694725055200598	6.30835367360168
47	FFNN (huge, subtrees)		4.481282830699796	4.880970716322621	0.0980364790030064	5.7032550750240185
47	real-subtrees	0.686890910810614	4.89741432381816	5.22466980919591	0.12694725055200598	6.3083536736016805
48	CNN (huge, subtrees)		1.7429603193491614	8.562760120942947	0.15695009815145464	9.473210593184763
48	CNN (large)		1.3820566	9.244301	0.15882453	9.10139210717457
48	FFNN (huge, subtrees)		1.7070784662299383	8.508762738267901	0.14858896845763248	9.67621914423609
48	real	0.9834083077941559	1.67869353629769	9.66639682134522	0.16842976776753898	9.75031275519517
48	real-subtrees	0.9834083077941559	1.67869353629769	9.66639682134522	0.16842976776753898	9.75031275519517
48	FFNN (large)		1.3039126	9.35352	0.14402923	8.85497412089591
49	real-subtrees	0.2499093004605281	2.2030289369456195	6.050206739614831	0.09410911896154996	8.24592677410613
49	FFNN (huge, subtrees)		2.2956118338096183	6.454630703323049	0.10415628433907584	8.577894563443518
49	real	0.24990930046052803	2.20302893694562	6.05020673961483	0.09410911896155	8.24592677410613
49	CNN (huge, subtrees)		2.3002474376593263	6.499636590701102	0.10745611351995668	8.730992995254024
49	CNN (large)		1.9324085	5.4036669999999996	0.13945383	7.485753328496981
49	FFNN (large)		1.9317818	6.0624986	0.10202768	7.53839305133193
50	FFNN (huge, subtrees)		3.7304694787483306	6.856245450534631	0.15356603203647173	8.301884972040925
50	CNN (large)		2.8187523	8.512627	0.14026743	6.69785288944781
50	CNN (huge, subtrees)		3.833558975286151	7.012917824764156	0.1473039603833832	8.544909699817202
50	real-subtrees	0.175564353776006	3.75188545295563	9.14620065494749	0.198197870002468	8.80563153239034
50	real	0.175564353776006	3.75188545295563	9.14620065494749	0.198197870002468	8.80563153239034
50	FFNN (large)		3.0383883	8.303321	0.16738701	7.125453218101501
51	real-subtrees	0.865633677287619	3.41964725641773	5.657429434034362	0.05963662657409501	4.1637588683145585
51	real	0.865633677287619	3.41964725641773	5.657429434034361	0.059636626574095006	4.16375886831456
51	FFNN (huge, subtrees)		3.6013123836955767	5.1081056706373795	0.08092456030258315	4.323727937090379
51	CNN (large)		4.1410065000000005	6.325289700000001	0.09122965	5.12941413750372
51	FFNN (large)		4.223510299999999	5.7104864	0.08549885	5.15698370197637
51	CNN (huge, subtrees)		3.5264130684938912	4.890311033582787	0.08780090488089834	4.2433911372833055
52	real-subtrees	0.363150554506273	4.18618898455598	3.89175290679924	0.062112679570962	1.1776669001821398
52	real	0.363150554506273	4.18618898455598	3.89175290679924	0.062112679570962004	1.1776669001821398
52	FFNN (huge, subtrees)		4.325733620133239	3.754392495004457	0.1008623420612133	1.2381578473004942
52	FFNN (large)		4.258078599999999	3.6926327000000003	0.1119444	1.2021349949248101
52	CNN (large)		4.1528325	3.9750379999999996	0.12419492	1.17960483902165
52	CNN (huge, subtrees)		4.251037753635079	4.011421538365339	0.0987621484735195	1.2133172932014145
53	CNN (huge, subtrees)		3.254988641711088	5.575046005471455	0.12982192129273226	5.250659636691198
53	real-subtrees	0.6792869143322711	3.26076682202993	5.36981523195856	0.16396249261293902	5.16699894023786
53	CNN (large)		2.7161136000000003	6.293033599999999	0.12689528	4.51308034581754
53	FFNN (huge, subtrees)		3.2764779741029577	5.201798791116135	0.12641482373049706	5.31587976385252
53	FFNN (large)		2.7393397999999998	6.094175	0.15979877	4.57561665177129
53	real	0.6792869143322711	3.26076682202993	5.36981523195856	0.163962492612939	5.16699894023786
54	FFNN (huge, subtrees)		2.118101184347491	5.5228150387347	0.10070922482774887	7.7476541104254775
54	CNN (huge, subtrees)		2.1567008331482542	5.4726309478024895	0.10002334388174534	7.790214425351198
54	real-subtrees	0.35711757744441097	2.00050982266804	5.15603304727151	0.08729240531659299	7.42056358536289
54	FFNN (large)		1.9288511000000002	4.759855	0.090067096	7.4246268627727305
54	CNN (large)		1.9026083999999999	4.357284	0.11110124	7.33377524512717
54	real	0.35711757744441097	2.00050982266804	5.15603304727151	0.08729240531659299	7.42056358536289
55	real-subtrees	0.24202862898489397	1.90763026049901	4.24298176620065	0.055714900412867	7.83764044172814
55	FFNN (huge, subtrees)		1.9888171106710275	3.876927924066575	0.09007723944994127	8.260872748023138
55	FFNN (large)		2.4009994999999997	5.8853045	0.121930934	10.6326921082294
55	CNN (huge, subtrees)		2.0282860123579884	4.114150898047331	0.09059028797677106	8.433771448099531
55	real	0.24202862898489397	1.90763026049901	4.24298176620065	0.055714900412867	7.83764044172814
55	CNN (large)		2.5454282999999998	4.935201599999999	0.13148102	10.9583989791862
56	real-subtrees	0.2645299996224	2.9303559875985603	9.64753718753016	0.054879844896614	8.44423421941358
56	CNN (large)		2.2959263	9.08404	0.0720973	7.7145804582208
56	FFNN (large)		2.2762935	9.088683	0.056238987000000004	7.36224029704241
56	FFNN (huge, subtrees)		3.0802418709981807	9.063613392826158	0.06873044822759325	8.590187064490173
56	real	0.2645299996224	2.93035598759856	9.64753718753016	0.054879844896614	8.44423421941358
56	CNN (huge, subtrees)		3.044174494584959	8.95943562645555	0.07430260260621124	8.422414306367529
57	CNN (huge, subtrees)		1.4178065435140932	5.338155983907127	0.10763655997040633	9.28909152143291
57	FFNN (large)		1.3965855	3.5415167999999997	0.08842618	8.82232295725787
57	FFNN (huge, subtrees)		1.3973175957521788	5.087361019411586	0.10990205130369078	9.17324780843446
57	CNN (large)		1.3982028999999998	4.194336	0.09743792	8.79908564514661
57	real	0.164361792035867	1.3744885679714298	5.07548203640493	0.08493570409639702	8.936948210851961
57	real-subtrees	0.164361792035867	1.3744885679714298	5.07548203640493	0.08493570409639699	8.936948210851961
58	CNN (huge, subtrees)		3.8222219828251633	4.262780318928767	0.10759166990849177	8.88906330169904
58	CNN (large)		4.242957	3.8741665000000003	0.14856619	9.38604805386772
58	real	0.814366204164772	3.9570811878867205	3.9426848907526404	0.188277178456885	9.39127455264383
58	FFNN (large)		4.2683496	3.9492519999999995	0.11272114	9.43124093906797
58	real-subtrees	0.814366204164772	3.957081187886721	3.9426848907526404	0.18827717845688505	9.39127455264383
58	FFNN (huge, subtrees)		3.9866561602780384	3.9873193195383068	0.09530615767462892	9.314115630969214
59	FFNN (huge, subtrees)		1.4139762105257232	5.259574366412917	0.10694923703297753	5.266240500372303
59	FFNN (large)		1.4302654	6.263850700000001	0.13595828	5.470894151583309
59	CNN (large)		1.5445975	7.4835052	0.10888091	5.58104383209194
59	real-subtrees	0.7511412164511799	1.3330286028579998	5.16856851396515	0.126220577932262	5.001242584759231
59	real	0.7511412164511799	1.3330286028579998	5.16856851396515	0.126220577932262	5.001242584759231
59	CNN (huge, subtrees)		1.437526124721666	5.200921817937081	0.11711637055393286	5.3108939641579305
60	real	0.53903375520595	1.7152841268178503	7.75890843010524	0.152066718096784	3.29438830261213
60	FFNN (large)		1.3577237	7.740041000000001	0.08526889	2.62010270410767
60	CNN (huge, subtrees)		1.7377703618476406	7.610627533823088	0.14140002961975434	3.3339687522340222
60	FFNN (huge, subtrees)		1.6864854550756805	7.6648121767412905	0.13837766004860072	3.2467017189573837
60	CNN (large)		1.4305458999999998	6.8561587	0.09337145	2.64091128577629
60	real-subtrees	0.53903375520595	1.7152841268178505	7.75890843010524	0.152066718096784	3.29438830261213
61	FFNN (huge, subtrees)		4.314414599454423	3.7364118217546265	0.0977683956569354	7.486699757416003
61	CNN (huge, subtrees)		4.26171148081301	3.8492089206793256	0.10158649346694508	7.4737806707378045
61	real-subtrees	0.504717853194021	4.5525252261878615	3.5222915991752406	0.135353482270826	7.831567983908969
61	real	0.504717853194021	4.552525226187861	3.5222915991752406	0.135353482270826	7.831567983908969
61	FFNN (large)		4.279654	3.8599722	0.077553265	7.403006134944019
61	CNN (large)		4.14281	3.9710832000000003	0.07325661	7.29008562816301
62	FFNN (large)		2.28613	5.560157299999999	0.09718912	2.86306593621729
62	CNN (huge, subtrees)		2.1496174201567517	5.165106003968503	0.1168623863133446	2.736615215974364
62	CNN (large)		2.3020252999999995	5.4918337	0.10205588	2.84627138053181
62	real	0.117737635885414	2.02463121516476	4.59850706243962	0.17766031587361303	2.49618045207309
62	FFNN (huge, subtrees)		2.0921941196258715	4.877468219432245	0.11731102848375033	2.5806011069014776
62	real-subtrees	0.117737635885414	2.02463121516476	4.598507062439619	0.17766031587361306	2.49618045207309
63	FFNN (large)		2.2235687	5.088788	0.07507012	6.34843076635271
63	CNN (huge, subtrees)		1.901283616194032	5.0013778119960834	0.11766745633101967	5.73686471486841
63	CNN (large)		2.0606308	5.4263806	0.10607055	6.17199602300001
63	real	0.153146174593482	1.88392877111522	4.373042642453029	0.155362296864141	5.61015481032161
63	real-subtrees	0.153146174593482	1.88392877111522	4.373042642453028	0.155362296864141	5.6101548103216095
63	FFNN (huge, subtrees)		1.8931239440711785	4.745009367026947	0.12888580053440088	5.621210016812151
64	FFNN (large)		3.8977854	7.423272	0.15353438	2.06086152751576
64	CNN (large)		3.9682755	7.806878599999999	0.17203183	2.08621282676583
64	real	0.804299984351975	4.4343567038798	9.404920846805199	0.164589481585456	2.4432756315837003
64	real-subtrees	0.804299984351975	4.4343567038798	9.404920846805199	0.16458948158545605	2.4432756315837003
64	CNN (huge, subtrees)		4.260733433312808	7.954387933785383	0.14747980235691655	2.1729270879913445
64	FFNN (huge, subtrees)		4.311011282452103	7.740135004809296	0.13622725805951333	2.243447614779037
65	FFNN (huge, subtrees)		2.0680008190645194	7.8621985189700725	0.10549718158729757	10.075223795744414
65	real-subtrees	0.529204744924101	2.06963783201507	7.44091217117399	0.104411939244051	9.87441857000123
65	CNN (large)		1.7884343999999996	6.5216650000000005	0.10156056	8.270518828017
65	real	0.529204744924101	2.06963783201507	7.44091217117399	0.104411939244051	9.87441857000123
65	FFNN (large)		1.6801951000000002	6.568582000000001	0.08073946	7.9416227288133605
65	CNN (huge, subtrees)		2.095870809367382	7.787968249458959	0.11408395202151694	10.24355127695672
66	CNN (large)		3.3735204	9.489641	0.15727124	8.0750373801744
66	real	0.88555644169698	2.9572780664001	9.95141469506358	0.140377942885844	7.70777447664279
66	FFNN (huge, subtrees)		2.961600548587623	8.87194863850443	0.14006592891261502	7.592260465493914
66	CNN (huge, subtrees)		2.9618514390220225	8.791655946062738	0.1451191578112237	7.385766568743605
66	FFNN (large)		3.3039896	9.320828	0.14663684	8.06326213497037
66	real-subtrees	0.88555644169698	2.9572780664001	9.95141469506358	0.140377942885844	7.707774476642789
67	CNN (large)		1.151638	9.649716999999999	0.089427084	3.8520615494134103
67	FFNN (large)		1.1075643999999998	9.211762	0.09086556	3.88034246746804
67	real	0.147187070814273	1.0400866808954798	9.90127520691993	0.10376757228882	3.89891697950485
67	real-subtrees	0.147187070814273	1.0400866808954798	9.90127520691993	0.10376757228882	3.89891697950485
67	FFNN (huge, subtrees)		1.0565682291599598	8.560613503676826	0.1081191659535094	3.7706470686088207
67	CNN (huge, subtrees)		1.0612232591672144	8.404758458399286	0.10593773176646976	3.833238044365102
68	FFNN (large)		2.9205134	6.81278	0.14199725	5.591685541033269
68	real	0.13200642831397197	2.61215064245002	6.933737587635171	0.164319693106441	4.781710232832981
68	FFNN (huge, subtrees)		2.648308178338356	6.336333992543002	0.12974868472027498	4.726225868305359
68	CNN (large)		2.8704958	6.602326400000001	0.11186314	5.5585449426713005
68	CNN (huge, subtrees)		2.7565775732645017	6.456382151334893	0.13018562685010993	5.143411761801089
68	real-subtrees	0.13200642831397194	2.61215064245002	6.933737587635172	0.16431969310644098	4.781710232832982
69	real-subtrees	0.17167483060146801	2.0505411312065402	3.93502857359392	0.09215135670400396	5.81347232006889
69	FFNN (large)		2.0633334999999997	3.362221	0.07620456	5.71478896979419
69	real	0.17167483060146801	2.0505411312065402	3.93502857359392	0.092151356704004	5.81347232006889
69	FFNN (huge, subtrees)		2.1380945681191657	4.282210253262447	0.09994219237936627	6.144656539266496
69	CNN (large)		2.0358758000000003	3.6977663	0.08570397	5.698847302515321
69	CNN (huge, subtrees)		2.117364461187914	4.347224429507464	0.10569006479738444	6.156391878761086
70	CNN (huge, subtrees)		4.478624499336773	3.620476994298767	0.08350587074549316	4.810981939519934
70	real-subtrees	0.3510688973382789	4.752946957484619	3.29219085310484	0.054019289886807	4.90976272219459
70	FFNN (large)		4.6602426	3.225631	0.08638661	4.80557358970336
70	real	0.35106889733827895	4.75294695748462	3.29219085310484	0.054019289886807	4.90976272219459
70	FFNN (huge, subtrees)		4.489335007811135	3.434773592979372	0.08244329427040288	4.732941580322232
70	CNN (large)		4.6141934000000004	3.37436	0.065990984	4.68145033385631
71	real-subtrees	0.754311700993359	2.2570441106739194	6.62357052375602	0.15430754133748498	6.719281786331741
71	FFNN (huge, subtrees)		2.2715072126828857	6.761862862056876	0.12849761204013915	6.819466108441768
71	FFNN (large)		2.3413315	7.198935499999999	0.14059865	7.330267388995679
71	real	0.754311700993359	2.25704411067392	6.62357052375602	0.15430754133748498	6.719281786331741
71	CNN (huge, subtrees)		2.2441861920259694	7.0478855378774155	0.1356313771637745	6.671741442196658
71	CNN (large)		2.3545547000000004	7.117447	0.12147874	7.2346011190632495
72	FFNN (huge, subtrees)		4.271243279214671	7.499756907959349	0.09948210489097163	4.733336300872784
72	real-subtrees	0.8399556105131429	4.56552621978032	7.41332980605129	0.098396860741036	4.99999635599616
72	real	0.8399556105131429	4.56552621978032	7.41332980605129	0.098396860741036	4.99999635599616
72	FFNN (large)		4.537803	6.5093246	0.07579165	4.86417187443172
72	CNN (large)		4.353818	6.1052327	0.066027164	4.72764205543325
72	CNN (huge, subtrees)		4.157661517556432	7.310745981099795	0.10654324579010192	4.6085141730441945
73	FFNN (large)		2.0976619999999997	8.893191	0.12828651	4.81517826763082
73	real-subtrees	0.7339185797178492	2.3992943665640296	9.661283112736813	0.13645587269971102	5.22985778800406
73	real	0.7339185797178492	2.3992943665640296	9.661283112736811	0.13645587269971102	5.22985778800406
73	CNN (huge, subtrees)		2.334591151282844	8.758765666109698	0.13997602557052036	4.9240966494568434
73	CNN (large)		2.1198568	9.107704	0.14536679	4.87603803177623
73	FFNN (huge, subtrees)		2.305494118456118	8.969510479640743	0.13229490859676352	4.937801893667032
74	FFNN (large)		2.7200572	8.739564999999999	0.11846685	2.3642293281749702
74	real	0.23104285121981896	2.8003658051740996	8.992955388177212	0.153150248936297	2.40039036326832
74	FFNN (huge, subtrees)		2.705890033822779	8.253940836343814	0.14302738339336804	2.276787093817898
74	real-subtrees	0.23104285121981896	2.8003658051740996	8.992955388177213	0.15315024893629695	2.40039036326832
74	CNN (large)		2.7785182	8.09943	0.11815068	2.35266282318785
74	CNN (huge, subtrees)		2.76766524428873	8.312624245060903	0.15079118074725473	2.3292181597633137
75	CNN (huge, subtrees)		2.0455003822526803	7.711905219088234	0.1576159356108795	9.556026804993564
75	real	0.32987756094245096	2.0440306855824	7.8099652511645905	0.19192293531210397	9.98583703591832
75	CNN (large)		2.0927849999999997	7.0977440000000005	0.1564453	10.239108243121999
75	real-subtrees	0.32987756094245096	2.0440306855824	7.8099652511645905	0.19192293531210397	9.98583703591832
75	FFNN (large)		2.0607495	6.4181275	0.16672578	10.2122038179272
75	FFNN (huge, subtrees)		2.0843027732529666	7.569872725556308	0.15046309889260648	9.838253140140246
76	CNN (huge, subtrees)		2.081577653340646	4.828742023436479	0.11951423759276793	1.3532642649171525
76	real	0.022669794450106	1.8978555842417801	4.30780614568271	0.14385011219295302	1.1698419811071998
76	real-subtrees	0.022669794450106	1.89785558424178	4.307806145682712	0.14385011219295302	1.1698419811071998
76	FFNN (huge, subtrees)		1.9576065336463195	4.934749522981298	0.12464191725529787	1.1602115153449035
76	FFNN (large)		1.843431	4.145874500000001	0.11457590000000001	1.08100243692101
76	CNN (large)		1.8272734	4.033082	0.11920589	1.09769682914419
77	FFNN (huge, subtrees)		4.438932528221066	8.669787342467616	0.07005346149451447	1.0681198371309537
77	FFNN (large)		4.6092997	8.919901	0.07406076	1.08792680767743
77	real	0.608559620378566	4.7766474131578	9.51769482828905	0.071732152323542	1.1656785465130302
77	real-subtrees	0.608559620378566	4.7766474131578	9.51769482828905	0.071732152323542	1.1656785465130302
77	CNN (large)		4.6665363	8.851388	0.06927252	1.08026486349019
77	CNN (huge, subtrees)		4.265895133533219	8.412787594271446	0.0813509839061847	1.0270164564898137
78	real-subtrees	0.815487672167172	2.4648075361695896	5.148395297198818	0.06921338122776499	3.53563572411956
78	FFNN (large)		2.5789292	3.6464519999999996	0.08952663	3.85194425829153
78	real	0.815487672167172	2.4648075361695896	5.14839529719882	0.069213381227765	3.53563572411956
78	FFNN (huge, subtrees)		2.5357143984673187	4.858948122448846	0.07606130800555022	3.616605352093392
78	CNN (huge, subtrees)		2.5341445066045454	4.811457808522536	0.08114429056985525	3.6066097078661032
78	CNN (large)		2.565506	3.948205	0.09369436	3.7745437794597594
79	CNN (large)		2.0120287	5.5227260000000005	0.087723434	7.21512117273939
79	FFNN (huge, subtrees)		2.1207311383046368	4.540908227841699	0.10034601296863756	7.590334842333018
79	real-subtrees	0.647644374099994	2.0669216338969	4.05971078465877	0.161552218289073	7.41175352661767
79	CNN (huge, subtrees)		2.0836015456588286	4.5268091530315635	0.1127771650248874	7.518996384693613
79	FFNN (large)		2.0379527	4.3393154	0.08583265	7.339766723055231
79	real	0.647644374099994	2.0669216338968996	4.05971078465877	0.16155221828907299	7.41175352661767
80	FFNN (huge, subtrees)		4.35891480814206	7.876478943097807	0.11661392823621625	1.92546970628969
80	real-subtrees	0.27866071612952603	4.6414054779616105	9.232190446016178	0.13944400144805402	2.09968768706166
80	CNN (huge, subtrees)		4.3085548136812415	8.066666535061426	0.11918173535622725	1.9319764355259104
80	CNN (large)		3.2174362999999997	8.04215	0.10412243	1.4573533141361499
80	real	0.27866071612952603	4.6414054779616105	9.23219044601618	0.13944400144805402	2.09968768706166
80	FFNN (large)		3.2625902	7.600973	0.10826696	1.4235849062590802
81	real-subtrees	0.60705527879989	4.46161607652998	3.0587887360382005	0.07961832786106401	3.8793041082539896
81	FFNN (huge, subtrees)		4.488207576545364	3.4199525841278327	0.07942394759363831	3.8579987396422566
81	FFNN (large)		4.2647996	3.4393275	0.07667815	3.68044633917861
81	CNN (huge, subtrees)		4.435628534849055	3.4874761931375144	0.09113341478000764	3.8267733926379734
81	CNN (large)		4.090501000000001	3.7020334999999998	0.102523476	3.64430633499588
81	real	0.60705527879989	4.46161607652998	3.0587887360382005	0.07961832786106401	3.8793041082539905
82	CNN (large)		3.3600769999999995	6.0038222999999995	0.15459934	5.778953997895419
82	FFNN (large)		3.2572575	6.401561	0.11160845	5.72809071685583
82	real-subtrees	0.587723320655722	3.43198511738963	5.575304109341858	0.15695753252359	6.263248865475759
82	real	0.587723320655722	3.43198511738963	5.57530410934186	0.15695753252359	6.263248865475759
82	CNN (huge, subtrees)		3.667518623768277	5.8890823807609864	0.13125926385484438	6.4494263030470105
82	FFNN (huge, subtrees)		3.634692528767733	5.529670289297225	0.12239110991466508	6.4402437446087895
83	real	0.9954454266971821	1.62837575987444	9.99363489076981	0.054552095758138	8.34623988588383
83	CNN (huge, subtrees)		1.7176058555808182	7.875435611130847	0.0804068418663971	8.465435713288164
83	FFNN (huge, subtrees)		1.7388791991825259	8.180912127857484	0.0724515801900872	8.685704540283586
83	CNN (large)		1.9630425999999999	9.154342999999999	0.095329225	8.76233077061802
83	real-subtrees	0.9954454266971821	1.6283757598744402	9.99363489076981	0.054552095758138	8.346239885883831
83	FFNN (large)		1.9565394	9.369602	0.08430921	8.8705233442215
84	FFNN (large)		4.4901648000000005	5.3609905	0.09111486	8.250338317988959
84	real	0.9959172643029979	4.82071591432649	7.06696804787799	0.056363146826839	8.62826327693304
84	real-subtrees	0.9959172643029979	4.820715914326492	7.06696804787799	0.056363146826839	8.62826327693304
84	FFNN (huge, subtrees)		4.481904335753627	6.406069410330824	0.07446542007740213	7.953968692108196
84	CNN (large)		4.4542465	6.296245	0.065520436	8.00068479874762
84	CNN (huge, subtrees)		4.330663632373422	6.529335887343795	0.07915066565936264	7.528121062026693
85	FFNN (large)		4.4083776	7.068683999999999	0.10885026	8.075081592034
85	real-subtrees	0.369384193039181	4.29110222266175	7.274783320611839	0.103949690614259	8.09618038481454
85	FFNN (huge, subtrees)		4.06173225864914	7.097312146245478	0.09992198763970436	7.696791362818483
85	CNN (huge, subtrees)		4.033844680352815	7.192856587945272	0.1029562878576018	7.6219412485758475
85	real	0.369384193039181	4.29110222266175	7.2747833206118395	0.103949690614259	8.09618038481454
85	CNN (large)		4.0371237	6.321949	0.12573314	7.565075652930091
86	real-subtrees	0.21812865195866196	2.15903527075551	3.58924366520342	0.06083316841143401	7.0518845520298985
86	FFNN (large)		2.0217307	3.6103692	0.10273481	6.930338431630441
86	FFNN (huge, subtrees)		2.2806190942964677	3.6919593841892526	0.09082861681446452	7.47972728818553
86	real	0.21812865195866196	2.15903527075551	3.58924366520342	0.060833168411434005	7.0518845520299
86	CNN (large)		1.9961846	3.8271656000000003	0.1323229	6.91179239090595
86	CNN (huge, subtrees)		2.3191432760929853	3.865954157786085	0.1012327473541154	7.590105826654133
87	CNN (large)		3.8960122999999998	8.617436	0.118757814	1.5805922676864999
87	real	0.86793441919315	3.51668106628308	8.194331952657171	0.154451266744173	1.3610334676289901
87	FFNN (huge, subtrees)		3.55423217317754	7.9183988230065365	0.13204844840242771	1.3843698319577906
87	CNN (huge, subtrees)		3.391616563920393	8.046778568895379	0.13941255252043994	1.3075877352474798
87	FFNN (large)		4.1227922	8.153474000000001	0.12282449999999999	1.6294376438416498
87	real-subtrees	0.86793441919315	3.5166810662830805	8.194331952657171	0.154451266744173	1.36103346762899
88	CNN (large)		1.4851495000000001	7.241645	0.16288462	6.183704913195079
88	CNN (huge, subtrees)		1.5974609503728459	6.816968443879918	0.11135590904614263	6.4224209524196825
88	real	0.9775438069386271	1.54911581157886	6.838098748094961	0.10142797844143302	6.439383108672191
88	FFNN (huge, subtrees)		1.5812377750580666	6.969736683690869	0.10513140863626827	6.556746183917914
88	real-subtrees	0.9775438069386272	1.54911581157886	6.838098748094961	0.10142797844143303	6.439383108672191
88	FFNN (large)		1.4964373	7.351774000000001	0.14991835	6.1997458394249705
89	real	0.415852490167346	2.17759787071151	9.24128400076456	0.093497216797467	4.860367452927309
89	CNN (large)		2.2021446	8.127874	0.09035823	4.87317079078434
89	CNN (huge, subtrees)		2.2500345993520394	8.621934752010732	0.10098549475799584	4.9826384403060215
89	real-subtrees	0.415852490167346	2.17759787071151	9.24128400076456	0.093497216797467	4.860367452927309
89	FFNN (large)		2.1628397	8.717428	0.09177186	4.8467758107894
89	FFNN (huge, subtrees)		2.2189382564232614	8.697581415767031	0.09698412475808116	4.901792673629474
90	FFNN (large)		1.7923198	4.396878	0.102245025	3.0324961199605096
90	CNN (huge, subtrees)		1.9944793834021155	5.352521959429677	0.10335929695746428	3.2456828161032627
90	FFNN (huge, subtrees)		1.9746617615592053	5.2782055783222575	0.10143482034179498	3.179975869240081
90	real	0.13979817861539498	1.8252313474075499	4.84977092729717	0.06785355830055399	2.93350886923334
90	CNN (large)		1.7664071	4.0471845	0.10753685	2.97616272050479
90	real-subtrees	0.13979817861539498	1.8252313474075497	4.84977092729717	0.06785355830055399	2.93350886923334
91	real-subtrees	0.6041249499417839	2.48755741538687	6.8132929321683005	0.12478842150778002	5.80716246345054
91	CNN (huge, subtrees)		2.616868944764388	7.142495491401617	0.11826733862758433	6.157525289073693
91	FFNN (huge, subtrees)		2.613120123062421	6.821003013531602	0.10970419488512713	6.1409324583164855
91	FFNN (large)		2.3786169999999998	6.7762970000000005	0.10479786	6.37122403623142
91	real	0.6041249499417839	2.48755741538687	6.8132929321683005	0.12478842150778	5.80716246345054
91	CNN (large)		2.3214097000000002	7.497910000000001	0.0843882	6.267026319496701
92	FFNN (huge, subtrees)		1.9618268019456693	4.941846216854781	0.10086179151986968	6.019829215210227
92	FFNN (large)		2.0254583	4.717416	0.10938818	6.4193327938514395
92	CNN (huge, subtrees)		1.9637434710616997	5.217917931979121	0.10389045976116762	6.119811957671058
92	real-subtrees	0.34431935820067705	1.9408509887875296	4.97027359170905	0.14851000117825694	6.036913334347619
92	CNN (large)		2.0576773	4.8587226999999995	0.107534885	6.434826618257481
92	real	0.34431935820067705	1.94085098878753	4.97027359170905	0.14851000117825697	6.03691333434762
93	FFNN (huge, subtrees)		4.067719338527434	7.6028925312785764	0.08391433591720146	3.9511161466806777
93	real-subtrees	0.19258724612524	4.159433807468	8.006229663780239	0.07530153627506499	4.09446916449839
93	FFNN (large)		4.2660747	8.224093	0.07090553	4.20394901482374
93	CNN (huge, subtrees)		4.0162914477758465	7.49909750620524	0.0887873938502733	3.955605736158829
93	CNN (large)		4.15725	8.524577	0.08282888	4.17046079788806
93	real	0.19258724612524	4.159433807468	8.006229663780239	0.075301536275065	4.09446916449839
94	CNN (huge, subtrees)		3.3182253458469804	4.951209699382191	0.11502503666996818	8.838039156763754
94	real	0.28480371479025607	3.31425181314941	4.91486605046602	0.133426896681931	8.71907657584237
94	FFNN (huge, subtrees)		3.2964218235932865	4.772398007381385	0.11283387684281465	8.69275581152376
94	FFNN (large)		3.1237195	5.773063700000001	0.1737836	8.2096064354449
94	real-subtrees	0.2848037147902561	3.3142518131494096	4.91486605046602	0.133426896681931	8.719076575842369
94	CNN (large)		3.1525464	5.863822	0.15257967	8.16284668558034
95	FFNN (huge, subtrees)		3.5006702670219143	4.068268563596549	0.09362618153856034	2.2434861516826468
95	real	0.482602403199938	3.31697152519247	4.2255066303863105	0.086963321012519	2.16571693914642
95	FFNN (large)		4.154792	5.3555345999999995	0.10401312	2.90250684548512
95	real-subtrees	0.482602403199938	3.31697152519247	4.225506630386311	0.08696332101251901	2.16571693914642
95	CNN (large)		4.213922	5.842226	0.09265715	2.93899738325046
95	CNN (huge, subtrees)		3.4373218526766163	4.087871853465899	0.09745739659612364	2.220770974780004
96	real	0.707971941516291	3.52699091798222	4.20641607502585	0.160322931514802	1.85312324455467
96	real-subtrees	0.707971941516291	3.5269909179822205	4.20641607502585	0.160322931514802	1.85312324455467
96	CNN (large)		3.3054976000000003	4.098276	0.099360734	1.68704408334973
96	FFNN (large)		3.3511565	3.5578945	0.08635152	1.70662205299945
96	CNN (huge, subtrees)		3.6699867235635466	4.691702696365384	0.13161950735895556	1.8744721165790807
96	FFNN (huge, subtrees)		3.695810900220816	4.602048684082382	0.12381390171385287	1.9073215402964083
97	real-subtrees	0.7908061262201701	3.5227555177071297	7.25287436365943	0.14408319354295102	9.018473165193967
97	CNN (large)		3.9702830000000002	7.6093698000000005	0.14345329999999998	10.740778934507999
97	FFNN (huge, subtrees)		3.64155554984837	7.7425880831923735	0.12095203566209745	9.127701881766656
97	real	0.7908061262201701	3.5227555177071297	7.25287436365943	0.144083193542951	9.01847316519397
97	FFNN (large)		3.8897407	7.894514	0.16180646	10.742212430905301
97	CNN (huge, subtrees)		3.518812586545197	7.744909389150973	0.12437755223371975	8.611324586602231
98	real-subtrees	0.7817775145784591	4.531008388375019	9.73542278345375	0.17466656891716306	2.2304140634961502
98	CNN (large)		4.033338	8.53139	0.16548544	1.9676047742534302
98	FFNN (huge, subtrees)		4.076136746362263	8.449099432810339	0.14646198795332616	2.0173601383340216
98	real	0.7817775145784591	4.531008388375019	9.73542278345375	0.17466656891716298	2.23041406349615
98	FFNN (large)		4.1457114	8.089052	0.14879411	1.98696685830441
98	CNN (huge, subtrees)		4.0280243726340865	8.354958994885605	0.1508224434244119	1.9395196304775837
99	CNN (large)		1.2226275	4.183235	0.071143866	5.91133350718989
99	FFNN (large)		1.1864903	3.6971773999999997	0.10717470000000001	5.887601249966509
99	real-subtrees	0.69174769810883	1.09791271853321	4.14059941020858	0.051135570301225	5.5844561627310085
99	real	0.69174769810883	1.09791271853321	4.14059941020858	0.051135570301225	5.584456162731009
99	CNN (huge, subtrees)		1.103908351616426	3.841238775686784	0.08481608340956948	5.756119182153182
99	FFNN (huge, subtrees)		1.111454215483232	3.7914862026734784	0.07642300922355869	5.734392840818925
