	type	p	R_naught	infectious_period
0	real-subtrees	0.7138461841898159	1.54435149851198	5.98562153347266
0	CNN		1.6308534	6.6567192182645
0	FFNN		1.6308534	6.6567192182645
0	CNN-subtrees		1.6368705	6.757892999999999
0	real	0.7138461841898159	1.54435149851198	5.98562153347266
0	FFNN-subtrees		1.6187444	6.609995
0	BEAST2		1.5408166630000002	6.323185186
1	CNN		2.9296842	4.746693965169309
1	BEAST2		2.9767301280000003	4.7660152469999995
1	real-subtrees	0.226971442014562	3.06695464510737	4.9977009239441
1	FFNN-subtrees		3.2431102000000003	5.168528599999999
1	CNN-subtrees		3.2564017999999995	5.082698000000001
1	FFNN		2.9296842	4.746693965169309
1	real	0.226971442014562	3.06695464510737	4.9977009239441
2	BEAST2		2.7757626839999996	1.120154867
2	CNN-subtrees		2.738028	1.2058275
2	CNN		2.4889522	1.0637431522869
2	real	0.946400661134871	3.10323762055771	1.17698369812521
2	FFNN-subtrees		2.5582013	1.1522646
2	real-subtrees	0.946400661134871	3.10323762055771	1.17698369812521
2	FFNN		2.4889522	1.0637431522869
3	CNN		1.5992296	2.92692346394179
3	real-subtrees	0.7027744560119599	1.79764495961122	3.02744743372153
3	FFNN-subtrees		1.6631035	2.9433327
3	BEAST2		1.587350297	2.910538217
3	real	0.7027744560119599	1.79764495961122	3.02744743372153
3	FFNN		1.5992296	2.92692346394179
3	CNN-subtrees		1.5763032	2.840015
4	FFNN		4.1527605	1.36411092925313
4	BEAST2		4.2813096989999995	1.372639989
4	real	0.8551867983111658	4.62653459521771	1.43961511838038
4	CNN-subtrees		3.6361237	1.2543862
4	real-subtrees	0.8551867983111658	4.62653459521771	1.43961511838038
4	FFNN-subtrees		3.5213267999999998	1.2435106000000002
4	CNN		4.1527605	1.36411092925313
5	real	0.500478173783044	1.04783876754113	3.64593883004359
5	FFNN-subtrees		1.0474383	3.5754627999999995
5	BEAST2		1.075519104	3.5899762930000003
5	CNN-subtrees		1.0644573999999998	3.5466511
5	real-subtrees	0.500478173783044	1.04783876754113	3.64593883004359
5	FFNN		1.0435828	3.6110329340373903
5	CNN		1.0435828	3.6110329340373903
6	FFNN		4.272719	7.97490169321429
6	FFNN-subtrees		4.034679	7.4728837
6	real	0.11200220519295	4.26372140933212	7.92791014966463
6	real-subtrees	0.11200220519295	4.26372140933212	7.92791014966463
6	CNN-subtrees		3.8153496	7.227778999999999
6	CNN		4.272719	7.97490169321429
6	BEAST2		3.9984750669999998	7.515749605
7	CNN		2.9252307	9.00398401266076
7	FFNN-subtrees		2.8054740000000002	8.595562
7	real-subtrees	0.894192736598828	2.4553488060590203	7.84267265729429
7	CNN-subtrees		2.651896	8.18325
7	BEAST2		2.926220577	8.954731996
7	FFNN		2.9252307	9.00398401266076
7	real	0.894192736598828	2.4553488060590203	7.84267265729429
8	BEAST2		3.842864268	6.15871359
8	CNN		3.9283307	6.22577348424846
8	FFNN-subtrees		4.1216025	6.5952344
8	real-subtrees	0.7425419161350458	3.2853732678734	5.368720855727121
8	real	0.7425419161350458	3.2853732678734	5.368720855727121
8	CNN-subtrees		4.327129	6.611722
8	FFNN		3.9283307	6.22577348424846
9	BEAST2		1.936515942	1.713501809
9	CNN-subtrees		2.229091	2.1420789
9	real-subtrees	0.035152625079796	2.09651107868451	1.9531236378509096
9	real	0.035152625079796	2.09651107868451	1.9531236378509096
9	CNN		1.9811047	1.7671884925014298
9	FFNN		1.9811047	1.7671884925014298
9	FFNN-subtrees		2.238969	2.0514483
10	CNN-subtrees		4.2424935999999995	7.6479683000000005
10	real	0.085674551937519	4.6544535501597695	8.091749674660731
10	BEAST2		4.267912766	7.522965232000001
10	FFNN-subtrees		4.458911	7.874306
10	real-subtrees	0.085674551937519	4.6544535501597695	8.091749674660731
10	CNN		4.420039	7.7713977425881895
10	FFNN		4.420039	7.7713977425881895
11	BEAST2		2.8225107639999996	5.232048471000001
11	CNN		2.9106400000000003	5.35214470842256
11	CNN-subtrees		2.8551578999999996	5.1799230000000005
11	FFNN		2.9106400000000003	5.35214470842256
11	real	0.330380394322641	2.71538349821257	5.2481839332354285
11	real-subtrees	0.330380394322641	2.71538349821257	5.2481839332354285
11	FFNN-subtrees		2.867595	5.236416
12	CNN		2.7034862	4.11269476986642
12	FFNN		2.7034862	4.11269476986642
12	real	0.283835707112732	3.00801185284366	4.2286713059046
12	real-subtrees	0.283835707112732	3.00801185284366	4.2286713059046
12	BEAST2		2.638930507	4.0055927030000005
12	CNN-subtrees		2.9301445	4.3458996
12	FFNN-subtrees		2.841489	4.3134255
13	FFNN-subtrees		2.4049609	2.7135837000000005
13	CNN		2.4217925	2.71927335349879
13	CNN-subtrees		2.3138737999999996	2.7102817999999997
13	BEAST2		2.498942903	2.7141062239999996
13	FFNN		2.4217925	2.71927335349879
13	real-subtrees	0.770280898065093	2.82341811177052	2.9836375136179503
13	real	0.770280898065093	2.82341811177052	2.9836375136179503
14	FFNN-subtrees		2.9687006	8.280369
14	real-subtrees	0.277224428901651	3.1416901516015	8.88796491689968
14	BEAST2		2.829547053	7.91522281
14	real	0.277224428901651	3.1416901516015	8.88796491689968
14	CNN		2.9112052999999998	8.12683272633607
14	FFNN		2.9112052999999998	8.12683272633607
14	CNN-subtrees		2.966869	8.31833
15	real-subtrees	0.724292616287037	2.90017511883097	5.13370738677708
15	BEAST2		3.551701975	5.912929182
15	real	0.724292616287037	2.90017511883097	5.13370738677708
15	CNN-subtrees		3.3762496	5.414421599999999
15	CNN		3.9293911	6.2848312199950005
15	FFNN		3.9293911	6.2848312199950005
15	FFNN-subtrees		3.3628416	5.440409
16	FFNN		4.218672799999999	9.066280435425732
16	BEAST2		4.028367308	8.736091031
16	real	0.422165851865856	4.04023486700329	8.61952730006907
16	CNN-subtrees		3.9153172999999994	8.405855
16	CNN		4.218672799999999	9.066280435425732
16	FFNN-subtrees		3.873244	8.271865
16	real-subtrees	0.422165851865856	4.04023486700329	8.61952730006907
17	FFNN-subtrees		4.2873225	9.637333
17	BEAST2		3.8246855810000002	8.922853039
17	CNN-subtrees		4.305129	9.660913
17	real-subtrees	0.5995157126876539	3.81185795053204	8.6375685660167
17	CNN		4.3934684	9.572283427266491
17	real	0.5995157126876539	3.81185795053204	8.6375685660167
17	FFNN		4.3934684	9.572283427266491
18	real-subtrees	0.02338126874754	4.23464373229614	4.03652577593332
18	real	0.02338126874754	4.23464373229614	4.03652577593332
18	FFNN-subtrees		4.403891000000001	4.044339
18	CNN		4.220064	3.9713571670878305
18	CNN-subtrees		4.1178503	3.9525847
18	FFNN		4.220064	3.9713571670878305
18	BEAST2		4.378883453	4.055778022
19	FFNN-subtrees		3.9426966	8.6493
19	CNN		3.944346	8.93976910846098
19	real	0.100919852550092	4.03874323222435	9.034788024231787
19	FFNN		3.944346	8.93976910846098
19	CNN-subtrees		3.9524176	8.761749
19	BEAST2		3.907935043	8.70534841
19	real-subtrees	0.100919852550092	4.03874323222435	9.034788024231787
20	CNN		2.5007327	3.9403666200265497
20	real-subtrees	0.896327762846888	2.8578838654817003	4.2138399249790695
20	CNN-subtrees		2.6436157000000002	4.0811477
20	FFNN-subtrees		2.6209908	3.9740028
20	FFNN		2.5007327	3.9403666200265497
20	real	0.896327762846888	2.8578838654817003	4.2138399249790695
20	BEAST2		2.6658916009999998	4.055338072
21	BEAST2		3.644602934	3.135676731
21	FFNN-subtrees		4.1317577000000005	3.5645053
21	CNN-subtrees		3.9176626000000003	3.4278510000000004
21	FFNN		3.7969842000000003	3.21951970849607
21	real-subtrees	0.025286056003945	4.16137128684039	3.66448714258367
21	real	0.025286056003945	4.16137128684039	3.66448714258367
21	CNN		3.7969842000000003	3.21951970849607
22	FFNN		1.7962743000000003	5.4426516876841795
22	real	0.34934239144273	1.6322776948360198	4.93586505177383
22	BEAST2		1.7984317719999998	5.402844932000001
22	CNN		1.7962743000000003	5.4426516876841795
22	FFNN-subtrees		1.9004982	6.1029325
22	real-subtrees	0.34934239144273	1.6322776948360198	4.93586505177383
22	CNN-subtrees		1.8578633999999998	5.9642277
23	CNN-subtrees		2.0452046000000004	1.7399113999999998
23	real-subtrees	0.46819180008157	2.58055722874208	2.12115057891996
23	real	0.46819180008157	2.58055722874208	2.12115057891996
23	FFNN		2.1519747000000002	1.88842845553462
23	BEAST2		2.23888063	1.9217316919999998
23	CNN		2.1519747000000002	1.88842845553462
23	FFNN-subtrees		2.061823	1.7731351999999998
24	CNN-subtrees		4.251648	9.611341
24	FFNN-subtrees		4.4559155	9.655543
24	CNN		4.0047417	8.91668726129881
24	BEAST2		4.1521608080000005	9.070698993999999
24	real	0.4490463198435429	3.96710710757098	9.2242079063191
24	real-subtrees	0.4490463198435429	3.96710710757098	9.2242079063191
24	FFNN		4.0047417	8.91668726129881
25	CNN		1.4674503	3.6975546271725
25	BEAST2		1.46405751	3.758283922
25	FFNN		1.4674503	3.6975546271725
25	CNN-subtrees		1.3731749	3.6028394999999995
25	real-subtrees	0.606129942099629	1.6766384822713798	4.0188721562711605
25	real	0.606129942099629	1.6766384822713798	4.0188721562711605
25	FFNN-subtrees		1.417231	3.7028594
26	CNN-subtrees		3.5408318	6.535373
26	real	0.896669786783563	3.11210203160174	6.0008699028446
26	FFNN-subtrees		3.598666	6.6083393
26	CNN		3.4530013	6.32492651539513
26	FFNN		3.4530013	6.32492651539513
26	real-subtrees	0.896669786783563	3.11210203160174	6.0008699028446
26	BEAST2		3.6048285000000004	6.400615133
27	CNN		2.0343359	4.357717857753499
27	BEAST2		2.015579953	4.39586182
27	FFNN		2.0343359	4.357717857753499
27	FFNN-subtrees		2.2969747000000003	4.9424515
27	CNN-subtrees		2.2769074000000002	4.869325
27	real	0.576818095823197	2.15941281293472	4.80800105395825
27	real-subtrees	0.576818095823197	2.15941281293472	4.80800105395825
28	BEAST2		1.1754311579999999	3.68318807
28	real	0.28504832324619706	1.18723425824681	3.64929654953232
28	FFNN-subtrees		1.0657245000000002	3.215786
28	real-subtrees	0.28504832324619706	1.18723425824681	3.64929654953232
28	CNN-subtrees		1.0724095	3.1957297000000002
28	FFNN		1.1282546999999998	3.4318271937372202
28	CNN		1.1282546999999998	3.4318271937372202
29	real-subtrees	0.061580032956564015	1.31368884869009	4.17890301151514
29	BEAST2		1.228855748	3.7010684389999997
29	CNN		1.2424883	3.69045706169402
29	CNN-subtrees		1.21783	3.5497648999999996
29	real	0.061580032956564015	1.31368884869009	4.17890301151514
29	FFNN		1.2424883	3.69045706169402
29	FFNN-subtrees		1.2159643	3.4950727999999995
30	CNN-subtrees		2.143405	5.452735
30	FFNN		2.219818	5.60286804029881
30	real	0.7327236746184841	2.62861487930232	6.268100254640629
30	BEAST2		2.424635054	5.875846113
30	CNN		2.219818	5.60286804029881
30	real-subtrees	0.7327236746184841	2.62861487930232	6.268100254640629
30	FFNN-subtrees		2.1372657000000004	5.4546730000000005
31	BEAST2		2.442883427	6.3467510560000004
31	FFNN		2.5567892000000003	6.3906213417994
31	real	0.561534464496612	2.66412187436011	6.91953312444903
31	FFNN-subtrees		2.5979683	6.6028210000000005
31	CNN		2.5567892000000003	6.3906213417994
31	CNN-subtrees		2.4420545	6.2356696
31	real-subtrees	0.561534464496612	2.66412187436011	6.91953312444903
32	FFNN		1.8741714	7.13100213006838
32	FFNN-subtrees		1.9835876000000001	7.593039999999999
32	CNN-subtrees		2.0394818999999997	7.850658
32	real-subtrees	0.930128429980846	2.12645704446856	7.2529691566459915
32	real	0.930128429980846	2.12645704446856	7.2529691566459915
32	CNN		1.8741714	7.13100213006838
32	BEAST2		1.957033526	7.273121449
33	CNN-subtrees		1.6563188999999998	4.092332
33	CNN		1.65422	4.08930957857787
33	real	0.26093136025416896	1.64294519670258	4.10028789356258
33	real-subtrees	0.26093136025416896	1.64294519670258	4.10028789356258
33	FFNN-subtrees		1.6151211	4.1034927
33	BEAST2		1.576992352	4.0132335580000005
33	FFNN		1.65422	4.08930957857787
34	CNN		1.9236879	10.882043972463698
34	real-subtrees	0.7122368627725292	1.6072740677349198	9.743258526672
34	FFNN-subtrees		1.8623338	10.71154
34	FFNN		1.9236879	10.882043972463698
34	BEAST2		1.672966316	9.663866851
34	real	0.7122368627725292	1.6072740677349198	9.743258526672
34	CNN-subtrees		1.8421032	10.646355
35	BEAST2		3.019218159	1.906276246
35	real	0.6963256593316228	2.89840332646245	1.90236312740343
35	FFNN-subtrees		3.1075766	1.9697435
35	FFNN		3.1040878	1.9376230918835902
35	CNN-subtrees		3.1838465	2.021344
35	CNN		3.1040878	1.9376230918835902
35	real-subtrees	0.6963256593316228	2.89840332646245	1.90236312740343
36	FFNN		4.564618599999999	9.68399087927405
36	real	0.5950193701821059	4.63695326824049	9.96299159236124
36	real-subtrees	0.5950193701821059	4.63695326824049	9.96299159236124
36	BEAST2		4.256492338	9.262378017
36	CNN		4.564618599999999	9.68399087927405
36	CNN-subtrees		4.273079	9.415151
36	FFNN-subtrees		4.358261	9.380644
37	real	0.9884062423192628	2.8823543038636696	9.84374222422125
37	CNN		2.7403972000000003	9.434908583168939
37	FFNN		2.7403972000000003	9.434908583168939
37	CNN-subtrees		2.9137207999999997	9.904038
37	FFNN-subtrees		2.7201134999999996	9.400704
37	BEAST2		2.5781192490000002	8.91572316
37	real-subtrees	0.9884062423192628	2.8823543038636696	9.84374222422125
38	CNN-subtrees		1.7859927	7.9935339999999995
38	FFNN-subtrees		1.9546564999999998	8.831075
38	real	0.04400101102247	2.04017065552861	9.19913960211095
38	BEAST2		2.041880064	9.071434805
38	real-subtrees	0.04400101102247	2.04017065552861	9.19913960211095
38	FFNN		1.9894154	8.85824204155441
38	CNN		1.9894154	8.85824204155441
39	FFNN		4.7149377	8.87813925978887
39	FFNN-subtrees		4.298914	8.2253895
39	real-subtrees	0.863561901391721	4.130469814479151	7.93967083466437
39	CNN		4.7149377	8.87813925978887
39	BEAST2		4.707906588999999	8.929514739
39	CNN-subtrees		4.241693499999999	8.188011
39	real	0.863561901391721	4.130469814479151	7.93967083466437
40	real	0.753474302096826	2.12202591602842	3.33218678931785
40	BEAST2		1.8824768769999998	2.9324768110000003
40	real-subtrees	0.753474302096826	2.12202591602842	3.33218678931785
40	FFNN		1.8277183000000001	2.87160365450027
40	FFNN-subtrees		1.9379828999999997	2.9976673
40	CNN-subtrees		1.8737633000000002	2.9199447999999997
40	CNN		1.8277183000000001	2.87160365450027
41	BEAST2		1.111593344	7.718021472999999
41	CNN		1.1000556000000001	7.69384754068115
41	FFNN		1.1000556000000001	7.69384754068115
41	real-subtrees	0.06516126714282901	1.10806423481873	8.1662771234884
41	FFNN-subtrees		1.0940566	7.315992999999999
41	CNN-subtrees		1.0974061000000002	7.316190700000001
41	real	0.06516126714282901	1.10806423481873	8.1662771234884
42	CNN-subtrees		2.2287762000000004	6.486243
42	BEAST2		2.4016324630000003	6.947858622
42	FFNN-subtrees		2.3479259999999997	6.7163897
42	real	0.211997764519563	2.2562468981675496	6.24800167369021
42	FFNN		2.3258035	6.8122809791879595
42	CNN		2.3258035	6.8122809791879595
42	real-subtrees	0.211997764519563	2.2562468981675496	6.24800167369021
43	real	0.479094450152141	4.9780394663245895	5.87064714896286
43	CNN-subtrees		4.333024	5.148868
43	real-subtrees	0.479094450152141	4.9780394663245895	5.87064714896286
43	FFNN		4.594036599999999	5.4559912647226705
43	CNN		4.594036599999999	5.4559912647226705
43	BEAST2		4.67287019	5.4939910020000005
43	FFNN-subtrees		4.550805	5.2118187
44	CNN-subtrees		4.3974470000000005	6.4278727
44	FFNN-subtrees		4.4810023	6.4328027
44	BEAST2		4.528330544	6.598821534
44	FFNN		4.585878	6.5622396915889505
44	CNN		4.585878	6.5622396915889505
44	real	0.173289765135291	4.00145497590047	5.9538553367194815
44	real-subtrees	0.173289765135291	4.00145497590047	5.9538553367194815
45	real-subtrees	0.081986555226558	3.98201582338503	1.51143362830195
45	BEAST2		4.197866608	1.5490505719999998
45	FFNN		4.361251	1.57614799479508
45	real	0.081986555226558	3.98201582338503	1.51143362830195
45	FFNN-subtrees		4.444965	1.5917807
45	CNN-subtrees		4.218873	1.5340688
45	CNN		4.361251	1.57614799479508
46	real-subtrees	0.072078619664074	2.57869919360427	9.89757238075924
46	CNN		2.5649047	9.721112741808199
46	FFNN-subtrees		2.7131833999999997	10.230288999999999
46	BEAST2		2.436956593	9.217740082
46	real	0.072078619664074	2.57869919360427	9.89757238075924
46	CNN-subtrees		2.6457167	10.294439
46	FFNN		2.5649047	9.721112741808199
47	FFNN-subtrees		1.8307674999999999	2.7545428
47	CNN		1.9160828999999997	2.94753521483019
47	real-subtrees	0.053541740290251	1.9124012724232304	2.9342853233324
47	CNN-subtrees		1.7709877	2.702336
47	BEAST2		1.91921381	2.917589066
47	real	0.053541740290251	1.9124012724232304	2.9342853233324
47	FFNN		1.9160828999999997	2.94753521483019
48	BEAST2		1.4406793390000001	4.237872251000001
48	FFNN		1.473057	4.26918642979299
48	FFNN-subtrees		1.4532688999999999	4.1286187000000005
48	real	0.13028615623280498	1.35178586688547	4.1329878544006
48	CNN-subtrees		1.4499701999999999	4.176914
48	CNN		1.473057	4.26918642979299
48	real-subtrees	0.13028615623280498	1.35178586688547	4.1329878544006
49	FFNN-subtrees		2.5099056	3.8626308
49	FFNN		2.7967196	4.11840017895828
49	CNN-subtrees		2.5005705000000003	3.9140606
49	CNN		2.7967196	4.11840017895828
49	real	0.668530048727303	3.00960098167794	4.29309911441693
49	BEAST2		3.0226631360000003	4.302071036
49	real-subtrees	0.668530048727303	3.00960098167794	4.29309911441693
50	real	0.980302409111056	4.8569023922312695	2.8300087827524303
50	CNN-subtrees		4.0632677	2.5836587000000004
50	BEAST2		4.373943288	2.766861951
50	real-subtrees	0.980302409111056	4.8569023922312695	2.8300087827524303
50	FFNN		4.4095016	2.727786154324
50	CNN		4.4095016	2.727786154324
50	FFNN-subtrees		4.191117299999999	2.634226
51	real-subtrees	0.4570865142535761	3.36348356989246	8.118682583744759
51	FFNN		3.972815	9.383013282253302
51	CNN		3.972815	9.383013282253302
51	real	0.4570865142535761	3.36348356989246	8.118682583744759
51	FFNN-subtrees		3.7153332000000003	8.821021
51	CNN-subtrees		3.6394317000000003	8.805537
51	BEAST2		3.8523259810000003	9.016059966
52	CNN-subtrees		2.4711222999999998	8.364951
52	BEAST2		2.388616432	8.532502511
52	FFNN-subtrees		2.503097	8.320628999999998
52	real	0.771917657113499	2.18727273923006	8.18802851609361
52	real-subtrees	0.771917657113499	2.18727273923006	8.18802851609361
52	CNN		2.318187	8.29776997525933
52	FFNN		2.318187	8.29776997525933
53	CNN-subtrees		1.2884841999999999	8.024403
53	real	0.599013734826015	1.37280305845909	8.800632686672289
53	FFNN-subtrees		1.2499853	7.827016
53	real-subtrees	0.599013734826015	1.37280305845909	8.800632686672289
53	FFNN		1.2759128	8.15765437933279
53	BEAST2		1.29392626	8.264096706
53	CNN		1.2759128	8.15765437933279
54	FFNN-subtrees		1.0809748	8.761308999999999
54	BEAST2		1.098012931	9.34756041
54	CNN		1.0998118000000001	9.713146853652301
54	CNN-subtrees		1.0948592	9.207352
54	real-subtrees	0.028678307799949	1.09615181189916	9.39341898806131
54	real	0.028678307799949	1.09615181189916	9.39341898806131
54	FFNN		1.0998118000000001	9.713146853652301
55	BEAST2		2.7645526830000002	9.220193289
55	real	0.719745465462327	2.59392116969895	8.5798349041821
55	CNN		2.87969	9.51168328160243
55	real-subtrees	0.719745465462327	2.59392116969895	8.5798349041821
55	CNN-subtrees		2.6745307	8.8076515
55	FFNN-subtrees		2.5510695	8.605081
55	FFNN		2.87969	9.51168328160243
56	FFNN-subtrees		1.1148113000000002	1.7442509999999998
56	real-subtrees	0.709755379395745	1.31607217179727	2.03490504106304
56	CNN		1.1508702	1.8006406642173898
56	BEAST2		1.208104977	1.853649705
56	FFNN		1.1508702	1.8006406642173898
56	CNN-subtrees		1.0966796	1.742863
56	real	0.709755379395745	1.31607217179727	2.03490504106304
57	real	0.315708146347286	4.0760721702964	7.68653722298815
57	CNN		4.0847135	7.76393073628466
57	FFNN		4.0847135	7.76393073628466
57	real-subtrees	0.315708146347286	4.0760721702964	7.68653722298815
57	FFNN-subtrees		3.5864737	7.003497599999999
57	BEAST2		3.862549158	7.363076086
57	CNN-subtrees		3.8865013	7.4726796
58	real-subtrees	0.058393576174147	1.5271300124978602	3.81093888729577
58	real	0.058393576174147	1.5271300124978602	3.81093888729577
58	BEAST2		1.530904562	3.808802625
58	FFNN		1.5498889999999999	3.97867775180416
58	CNN		1.5498889999999999	3.97867775180416
58	FFNN-subtrees		1.5348041000000001	3.9327834000000004
58	CNN-subtrees		1.5426464	3.8719928
59	FFNN-subtrees		1.6551765	3.9401589999999995
59	FFNN		1.702394	4.04178693302401
59	CNN		1.702394	4.04178693302401
59	CNN-subtrees		1.6080273	3.9092480000000003
59	BEAST2		1.781154677	4.155909909
59	real	0.659415506842797	1.83134238849143	4.334857267957701
59	real-subtrees	0.659415506842797	1.83134238849143	4.334857267957701
60	real	0.656311148277083	3.5157229266478995	4.10240917998636
60	CNN-subtrees		3.542536	3.9815921999999997
60	CNN		4.0388336	4.33083106431535
60	BEAST2		3.890599499	4.2149217530000005
60	FFNN		4.0388336	4.33083106431535
60	FFNN-subtrees		3.4038913	3.8796150000000003
60	real-subtrees	0.656311148277083	3.5157229266478995	4.10240917998636
61	real	0.034384591727998	4.49283002112076	8.85799210669613
61	FFNN		4.23244	8.598323105305258
61	real-subtrees	0.034384591727998	4.49283002112076	8.85799210669613
61	CNN-subtrees		3.6482859	7.60509
61	FFNN-subtrees		3.8141727	7.790570699999999
61	CNN		4.23244	8.598323105305258
61	BEAST2		3.991683174	7.981322059
62	BEAST2		2.9310560110000003	5.170107896
62	CNN		3.0736125	5.34683700942092
62	real	0.5925939063243211	2.8721549913822697	4.94869317734733
62	CNN-subtrees		2.694228	4.968438
62	FFNN-subtrees		2.8443357999999996	5.154021299999999
62	FFNN		3.0736125	5.34683700942092
62	real-subtrees	0.5925939063243211	2.8721549913822697	4.94869317734733
63	FFNN-subtrees		4.3810067	6.033547
63	FFNN		4.57126	6.48704176097106
63	real-subtrees	0.562108207434283	4.13216514162883	6.212005918964441
63	CNN		4.57126	6.48704176097106
63	real	0.562108207434283	4.13216514162883	6.212005918964441
63	CNN-subtrees		4.4156512999999995	6.156543
63	BEAST2		4.587107512	6.532720785
64	CNN-subtrees		3.6500242	4.3226795
64	real	0.030128264459099	3.9216077969367498	4.760450825988941
64	real-subtrees	0.030128264459099	3.9216077969367498	4.760450825988941
64	BEAST2		3.772065502	4.466555511
64	FFNN		3.8189900000000003	4.438624222754281
64	FFNN-subtrees		4.111448	4.766732
64	CNN		3.8189900000000003	4.438624222754281
65	FFNN-subtrees		2.8659961	7.7898190000000005
65	real	0.85702793812619	3.13974607941654	8.17948037341495
65	FFNN		2.84444	7.796402477963969
65	CNN-subtrees		2.5751388	7.160469
65	real-subtrees	0.85702793812619	3.13974607941654	8.17948037341495
65	CNN		2.84444	7.796402477963969
65	BEAST2		2.84673911	7.7466756210000005
66	BEAST2		4.601259272	4.071941973
66	CNN-subtrees		4.67165	4.1452074
66	real-subtrees	0.309802141027658	4.74567564087288	4.3458423265811605
66	FFNN		4.637624	4.11012635145684
66	FFNN-subtrees		4.6608496	4.060935
66	real	0.309802141027658	4.74567564087288	4.3458423265811605
66	CNN		4.637624	4.11012635145684
67	BEAST2		3.130935327	9.18279317
67	real	0.712991955189732	3.19571560025222	9.49929316096915
67	FFNN		3.6331275	10.0217521380384
67	FFNN-subtrees		3.4531949	9.546631
67	CNN-subtrees		3.5232906	9.535041
67	CNN		3.6331275	10.0217521380384
67	real-subtrees	0.712991955189732	3.19571560025222	9.49929316096915
68	FFNN		3.3650818	2.9942823707120403
68	real	0.7632114424545251	3.19950935981341	3.0905914032177297
68	BEAST2		3.168331985	2.9046423710000004
68	CNN-subtrees		2.920142	2.7894602
68	FFNN-subtrees		3.276938	2.9746122
68	real-subtrees	0.7632114424545251	3.19950935981341	3.0905914032177297
68	CNN		3.3650818	2.9942823707120403
69	real-subtrees	0.694965717453596	4.48141696410608	1.73987824970582
69	real	0.694965717453596	4.48141696410608	1.73987824970582
69	CNN-subtrees		4.429861	1.8250072
69	CNN		4.5382557	1.7938988482336
69	FFNN		4.5382557	1.7938988482336
69	BEAST2		4.5082696669999995	1.800574779
69	FFNN-subtrees		4.3731155	1.7872337999999999
70	real	0.275882597569828	2.91255517219599	2.92028798115583
70	CNN		2.875104	2.77262734212624
70	FFNN		2.875104	2.77262734212624
70	BEAST2		2.9042954589999996	2.7739927460000002
70	real-subtrees	0.275882597569828	2.91255517219599	2.92028798115583
70	FFNN-subtrees		2.7202623	2.6232612
70	CNN-subtrees		2.7554471	2.677504
71	real	0.476528933108181	4.694012890604331	5.65258160881333
71	BEAST2		4.376207321	5.122257332
71	FFNN-subtrees		4.219168700000001	5.012819
71	CNN-subtrees		4.465949500000001	5.2027849999999995
71	FFNN		4.3851943	5.07434174621553
71	CNN		4.3851943	5.07434174621553
71	real-subtrees	0.476528933108181	4.694012890604331	5.65258160881333
72	real	0.579081092450435	4.378071893501439	5.259625095776871
72	CNN-subtrees		4.397437	5.626785
72	CNN		4.638566	5.5894788897870304
72	FFNN		4.638566	5.5894788897870304
72	BEAST2		4.532351493999999	5.49305126
72	FFNN-subtrees		4.5394797	5.6345873
72	real-subtrees	0.579081092450435	4.378071893501439	5.259625095776871
73	FFNN		1.5661067	9.91997693790832
73	CNN		1.5661067	9.91997693790832
73	CNN-subtrees		1.711067	10.567639
73	real-subtrees	0.8522423453571061	1.58659566235451	9.94489233557182
73	real	0.8522423453571061	1.58659566235451	9.94489233557182
73	FFNN-subtrees		1.7955216	11.058725
73	BEAST2		1.522388871	9.474098872
74	CNN		2.746714	3.4865899084973995
74	BEAST2		2.7010301739999996	3.387979793
74	FFNN-subtrees		2.9070292	3.5968716
74	real	0.8361328835264841	2.91709464714117	3.61120243747262
74	real-subtrees	0.8361328835264841	2.91709464714117	3.61120243747262
74	FFNN		2.746714	3.4865899084973995
74	CNN-subtrees		3.0734065	3.7230523
75	real	0.6298635048645059	4.450936434885549	4.91919818680226
75	real-subtrees	0.6298635048645059	4.450936434885549	4.91919818680226
75	BEAST2		4.521876505	4.757611998
75	CNN		4.3101277	4.65353382257063
75	FFNN-subtrees		4.133364	4.227684
75	FFNN		4.3101277	4.65353382257063
75	CNN-subtrees		3.8535955000000004	4.1959386
76	CNN-subtrees		3.1686582999999997	3.3212972
76	real	0.8528793034986479	3.476948874424	3.77944436325511
76	FFNN-subtrees		3.1282089	3.2968788
76	BEAST2		3.2260012330000003	3.3949316819999997
76	CNN		3.2600903999999997	3.43506077368478
76	real-subtrees	0.8528793034986479	3.476948874424	3.77944436325511
76	FFNN		3.2600903999999997	3.43506077368478
77	BEAST2		2.0945396730000003	5.041948574
77	FFNN		2.0728972	4.9926764501844
77	FFNN-subtrees		1.9540784	4.667556299999999
77	real	0.941700082344554	2.2516489107302298	5.11683654270122
77	CNN-subtrees		1.9355639	4.6392703
77	real-subtrees	0.941700082344554	2.2516489107302298	5.11683654270122
77	CNN		2.0728972	4.9926764501844
78	CNN		3.1318617000000004	2.02157902509299
78	FFNN-subtrees		3.2396514	2.085356
78	FFNN		3.1318617000000004	2.02157902509299
78	real-subtrees	0.23690434442831695	3.3273806738828497	2.1431600191352
78	real	0.23690434442831695	3.3273806738828497	2.1431600191352
78	BEAST2		3.127343093	2.021802367
78	CNN-subtrees		3.3218237999999998	2.114619
79	FFNN		2.6324131	6.45546442117537
79	FFNN-subtrees		2.9985473	7.000025
79	real	0.26888706916215804	3.09705287576118	7.543759418747832
79	CNN		2.6324131	6.45546442117537
79	BEAST2		2.847572103	6.56078616
79	real-subtrees	0.26888706916215804	3.09705287576118	7.543759418747832
79	CNN-subtrees		2.7872793999999996	6.8185673
80	FFNN-subtrees		3.8665721	2.32345
80	real	0.912168485221894	3.3814857302646697	2.15381699815619
80	real-subtrees	0.912168485221894	3.3814857302646697	2.15381699815619
80	CNN		3.9514945	2.36585927753882
80	BEAST2		3.775029734	2.299126841
80	FFNN		3.9514945	2.36585927753882
80	CNN-subtrees		3.9138238	2.3327715
81	CNN-subtrees		4.094716	6.7114899999999995
81	real-subtrees	0.84349702263414	4.35408550119731	7.12293468057837
81	FFNN-subtrees		4.3510127	6.76342
81	real	0.84349702263414	4.35408550119731	7.12293468057837
81	BEAST2		3.969688512	6.308748604
81	FFNN		4.0523620000000005	6.43907460711444
81	CNN		4.0523620000000005	6.43907460711444
82	real-subtrees	0.850029671715758	1.30180494069204	1.08078745729075
82	real	0.850029671715758	1.30180494069204	1.08078745729075
82	BEAST2		1.53242053	1.127150012
82	FFNN		1.5573801	1.12720132670634
82	CNN		1.5573801	1.12720132670634
82	CNN-subtrees		1.6346271	1.1567593
82	FFNN-subtrees		1.6292378	1.1442562
83	BEAST2		4.221591181	2.114998319
83	FFNN		4.2232199999999995	2.1703038187286
83	real-subtrees	0.42937589881303706	4.4566842806853	2.19651795469948
83	CNN		4.2232199999999995	2.1703038187286
83	CNN-subtrees		4.137482	2.198998
83	FFNN-subtrees		4.1259803999999995	2.1598804
83	real	0.42937589881303706	4.4566842806853	2.19651795469948
84	real-subtrees	0.8149340958631559	2.3458966181737004	9.268889895149927
84	BEAST2		2.426336189	9.385576894
84	FFNN-subtrees		2.4233332	9.760147
84	CNN		2.6237102	9.983325689949462
84	real	0.8149340958631559	2.3458966181737004	9.268889895149927
84	CNN-subtrees		2.322659	9.545214999999999
84	FFNN		2.6237102	9.983325689949462
85	CNN-subtrees		1.267408	8.492643
85	real-subtrees	0.02246722490435	1.29497558165662	9.4556747738858
85	BEAST2		1.304841626	9.558947656
85	real	0.02246722490435	1.29497558165662	9.4556747738858
85	FFNN-subtrees		1.3039731	9.314217
85	CNN		1.3230389	10.192959984422199
85	FFNN		1.3230389	10.192959984422199
86	BEAST2		2.069466542	9.440871266
86	CNN-subtrees		1.99648	9.600189
86	real-subtrees	0.439798683669392	2.03486961904977	9.52196589238074
86	FFNN		2.0781593000000003	9.67780212142695
86	FFNN-subtrees		2.151766	10.104967
86	CNN		2.0781593000000003	9.67780212142695
86	real	0.439798683669392	2.03486961904977	9.52196589238074
87	BEAST2		2.056153396	9.432313869
87	FFNN-subtrees		2.3569796000000003	10.926587
87	real-subtrees	0.22541989034175305	1.92385314594272	8.91822709537866
87	CNN-subtrees		2.3008943	11.036839500000001
87	real	0.22541989034175305	1.92385314594272	8.91822709537866
87	FFNN		2.2882545	10.4975585598617
87	CNN		2.2882545	10.4975585598617
88	FFNN		4.051825	7.220576087019111
88	CNN		4.051825	7.220576087019111
88	BEAST2		4.320219422	7.467858303
88	FFNN-subtrees		3.8101747	6.5395174
88	CNN-subtrees		3.6825563999999997	6.365024
88	real	0.103640052870783	4.38918221470642	7.37978892481766
88	real-subtrees	0.103640052870783	4.38918221470642	7.37978892481766
89	real-subtrees	0.117243319269438	2.2636375839235	9.60587470440144
89	BEAST2		2.1304064069999997	9.187224628
89	CNN		2.2354069	9.696406556047052
89	FFNN		2.2354069	9.696406556047052
89	CNN-subtrees		2.2357676	9.638841000000001
89	FFNN-subtrees		2.2345490000000003	9.631233
89	real	0.117243319269438	2.2636375839235	9.60587470440144
90	BEAST2		2.8218480130000003	4.2191141860000005
90	CNN		2.7541547000000004	4.12203262930748
90	FFNN		2.7541547000000004	4.12203262930748
90	FFNN-subtrees		2.7494514	3.8658724
90	real-subtrees	0.33339317199775	2.80028707472522	4.362349523144
90	real	0.33339317199775	2.80028707472522	4.362349523144
90	CNN-subtrees		2.551942	3.6739604
91	CNN		4.7859516	4.3281620191532495
91	FFNN		4.7859516	4.3281620191532495
91	FFNN-subtrees		4.7710360000000005	4.352277
91	CNN-subtrees		4.737528	4.400171299999999
91	BEAST2		4.7083336110000005	4.351915629
91	real-subtrees	0.5769128776324549	4.49654051513203	4.126049102995779
91	real	0.5769128776324549	4.49654051513203	4.126049102995779
92	CNN		1.7328942999999999	4.51422869224137
92	BEAST2		1.8159338390000002	4.610704006000001
92	real-subtrees	0.8598250728218059	1.98188889509126	5.020648059941308
92	real	0.8598250728218059	1.98188889509126	5.020648059941308
92	FFNN		1.7328942999999999	4.51422869224137
92	CNN-subtrees		1.9547236000000001	4.753957700000001
92	FFNN-subtrees		1.8892480999999999	4.6500673
93	BEAST2		4.258407752	6.451981795
93	CNN		4.3395660000000005	6.57047659429691
93	CNN-subtrees		4.3544645	6.877517699999999
93	FFNN		4.3395660000000005	6.57047659429691
93	real-subtrees	0.612805123470545	4.15627346996107	6.21281788361851
93	FFNN-subtrees		4.3939056	6.888225
93	real	0.612805123470545	4.15627346996107	6.21281788361851
94	FFNN		2.0155234	4.3854044280912
94	CNN-subtrees		1.9952279	4.1679260000000005
94	real	0.687970691842994	2.17736573635021	4.8233148187228
94	real-subtrees	0.687970691842994	2.17736573635021	4.8233148187228
94	FFNN-subtrees		1.9856126	4.184080000000001
94	BEAST2		2.152209533	4.5514250910000005
94	CNN		2.0155234	4.3854044280912
95	CNN-subtrees		4.423157	9.251980999999999
95	real-subtrees	0.131247956311846	4.19421120503923	8.44407745862086
95	BEAST2		4.48833674	9.157735983
95	FFNN		4.5535483	9.379816612038631
95	real	0.131247956311846	4.19421120503923	8.44407745862086
95	CNN		4.5535483	9.379816612038631
95	FFNN-subtrees		4.583758	9.35014
96	FFNN		1.7724268	5.800894028121459
96	real	0.42352274225677294	2.069943420572	6.07867509129844
96	CNN		1.7724268	5.800894028121459
96	real-subtrees	0.42352274225677294	2.069943420572	6.07867509129844
96	FFNN-subtrees		1.893282	6.009581
96	CNN-subtrees		1.7818807	5.626567400000001
96	BEAST2		1.859079996	5.873818776
97	CNN-subtrees		1.8748183999999997	5.5829206
97	real-subtrees	0.8062741579053609	1.69890103057587	5.6694457596912
97	real	0.8062741579053609	1.69890103057587	5.6694457596912
97	FFNN-subtrees		1.8299813999999999	5.556914
97	BEAST2		1.747878957	5.3281594210000005
97	FFNN		1.7333298	5.29423620215821
97	CNN		1.7333298	5.29423620215821
98	BEAST2		1.038894398	2.820678
98	CNN-subtrees		1.0453289000000001	2.784086
98	FFNN		1.028656	2.89803350691221
98	real	0.064883284747823	1.02387377055372	2.84523392322262
98	CNN		1.028656	2.89803350691221
98	FFNN-subtrees		1.0260658	2.9372187000000003
98	real-subtrees	0.064883284747823	1.02387377055372	2.84523392322262
99	CNN-subtrees		2.0698698	4.228924
99	real-subtrees	0.30216059710847604	2.04323846571974	4.19929834612045
99	BEAST2		2.090532558	4.349846357
99	FFNN		2.139812	4.5209740753542995
99	real	0.30216059710847604	2.04323846571974	4.19929834612045
99	CNN		2.139812	4.5209740753542995
99	FFNN-subtrees		2.0154756999999996	4.136471299999999
