	type	p	R_naught	infectious_period	incubation_time
0	real-subtrees	0.447322979907068	2.34129521938888	1.64756834145495	1.36992889477116
0	CNN		2.1211965	1.50499366579465	1.3265337975160099
0	FFNN		2.1211965	1.50499366579465	1.3265337975160099
0	CNN-subtrees		2.0808573	1.3317469	1.4730177
0	real	0.447322979907068	2.34129521938888	1.64756834145495	1.36992889477116
0	FFNN-subtrees		2.248149	1.5397934	1.3900676
0	BEAST2		2.26945994743363	1.6411408038809099	1.2804941305353101
1	CNN		3.2002650000000004	3.1515233274575603	4.3307140011560605
1	BEAST2		3.2682440431525803	3.2763869737786298	4.17950985159761
1	real-subtrees	0.6225767763228239	3.3684089866500497	3.71345840136623	3.96239667724268
1	FFNN-subtrees		3.3012762	3.2670852999999997	4.1676645
1	CNN-subtrees		3.1478479999999998	3.2492012999999997	3.8464824999999996
1	FFNN		3.2002650000000004	3.1515233274575603	4.3307140011560605
1	real	0.6225767763228239	3.3684089866500497	3.71345840136623	3.96239667724268
2	BEAST2		4.32662684174412	8.52250503498336	34.9700367938886
2	CNN-subtrees		4.237944000000001	8.497306	29.116106
2	CNN		4.487149700000001	8.68400171309773	34.4531462310742
2	real	0.997036566631611	3.90961894078582	7.83229215772936	33.006439091525
2	FFNN-subtrees		3.8284267999999995	9.382225	28.716920000000002
2	real-subtrees	0.997036566631611	3.90961894078582	7.83229215772936	33.006439091525
2	FFNN		4.487149700000001	8.68400171309773	34.4531462310742
3	CNN		4.184746700000001	2.19902229232144	8.312243391927261
3	real-subtrees	0.8293398478248979	3.99018693635541	2.3660999627382098	8.305388994870441
3	FFNN-subtrees		4.037498	2.1007008999999996	8.247538
3	BEAST2		3.0	5.5	25.1
3	real	0.8293398478248979	3.99018693635541	2.3660999627382098	8.305388994870441
3	FFNN		4.184746700000001	2.19902229232144	8.312243391927261
3	CNN-subtrees		4.107530000000001	2.0660944	8.126982
4	FFNN		1.8918337	6.6191211097441895	23.4519652538249
4	BEAST2		1.9300180029822498	6.479290137815941	23.844907497023396
4	real	0.6549452351128721	1.83993658224913	7.014782251317482	21.380250288025998
4	CNN-subtrees		1.6849174	6.411950599999999	22.137535
4	real-subtrees	0.6549452351128721	1.83993658224913	7.014782251317482	21.380250288025998
4	FFNN-subtrees		1.8218942	6.9225710000000005	22.78869
4	CNN		1.8918337	6.6191211097441895	23.4519652538249
5	real	0.4271495730639	1.39576548632954	4.857964876447388	1.08224803459855
5	FFNN-subtrees		1.433127	4.5183516	1.7368728999999998
5	BEAST2		1.3812631485238	5.283290423256781	0.924667122547999
5	CNN-subtrees		1.4153626	4.635521	1.5665818
5	real-subtrees	0.4271495730639	1.39576548632954	4.857964876447388	1.08224803459855
5	FFNN		1.382581	4.41422234116167	1.42138331642254
5	CNN		1.382581	4.41422234116167	1.42138331642254
6	FFNN		4.511586	5.80869032892967	2.6133761530382595
6	FFNN-subtrees		4.6520529999999995	5.7827187	2.73581
6	real	0.032288791520142	4.57630768648155	7.44422540338845	2.00971263215509
6	real-subtrees	0.032288791520142	4.57630768648155	7.44422540338845	2.00971263215509
6	CNN-subtrees		4.5866737	5.856686	2.6267624
6	CNN		4.511586	5.80869032892967	2.6133761530382595
6	BEAST2		4.5118387528331105	8.53522343860127	1.41162422076747
7	CNN		3.0761309	5.37878835050994	21.4879981386172
7	FFNN-subtrees		3.0746279	6.1135225	19.644638
7	real-subtrees	0.315735053639742	2.93422571137233	4.65107236136891	19.6314123635054
7	CNN-subtrees		3.0194438	5.423351	20.94226
7	BEAST2		3.2277455432474302	5.320206263644111	21.455692524417
7	FFNN		3.0761309	5.37878835050994	21.4879981386172
7	real	0.315735053639742	2.93422571137233	4.65107236136891	19.6314123635054
8	BEAST2		2.02261738060598	5.395394065031709	15.465296925666001
8	CNN		1.9829441000000003	5.6206040612388595	14.6587009872838
8	FFNN-subtrees		1.7199692	4.5897190000000005	14.22241
8	real-subtrees	0.969111940083884	1.97755200114107	4.7202067967406	18.3465213657537
8	real	0.969111940083884	1.97755200114107	4.7202067967406	18.3465213657537
8	CNN-subtrees		1.6700504	5.071248000000001	13.027476
8	FFNN		1.9829441000000003	5.6206040612388595	14.6587009872838
9	BEAST2		1.13061629938281	6.30373759832718	25.608418821858695
9	CNN-subtrees		1.0931683	6.315325	26.478306
9	real-subtrees	0.488340826384015	1.18040544994298	6.04629817569697	24.8912650642141
9	real	0.488340826384015	1.18040544994298	6.04629817569697	24.8912650642141
9	CNN		1.0792652	6.99506063733676	24.8695492392528
9	FFNN		1.0792652	6.99506063733676	24.8695492392528
9	FFNN-subtrees		1.0929742	7.040537400000001	25.873089999999998
10	CNN-subtrees		2.1457624	8.554652	11.563326
10	real	0.097229373886524	2.2674253628172902	9.542159842085098	12.220976398606801
10	BEAST2		2.1555054492627503	9.51997196129421	11.723273832416599
10	FFNN-subtrees		2.247983	9.120716	12.263829
10	real-subtrees	0.097229373886524	2.2674253628172902	9.542159842085098	12.220976398606801
10	CNN		2.2834632000000004	9.96530156025031	11.955006051421002
10	FFNN		2.2834632000000004	9.96530156025031	11.955006051421002
11	BEAST2		3.91580237602206	7.3571442474348405	5.356792119128981
11	CNN		4.063081700000001	7.07055641342872	5.72624668341071
11	CNN-subtrees		3.9320023	7.105453999999999	4.32305
11	FFNN		4.063081700000001	7.07055641342872	5.72624668341071
11	real	0.9794623100045532	4.56919357228227	8.59893534439089	5.65168750145494
11	real-subtrees	0.9794623100045532	4.56919357228227	8.59893534439089	5.65168750145494
11	FFNN-subtrees		3.8970442000000003	6.921840700000001	4.782223999999999
12	CNN		2.1845284	1.80855726966732	0.880473751746328
12	FFNN		2.1845284	1.80855726966732	0.880473751746328
12	real	0.859900914773923	2.2585479965509	1.80470002750226	0.992186161376722
12	real-subtrees	0.859900914773923	2.2585479965509	1.80470002750226	0.992186161376722
12	BEAST2		2.18634627254691	1.8456003346767	0.871544142491485
12	CNN-subtrees		2.2079053	1.8813943	0.8098736999999999
12	FFNN-subtrees		2.3475847	1.9894767	0.80262715
13	FFNN-subtrees		2.7472425	9.018867	14.515541
13	CNN		2.990968	8.78683223604618	17.508659707891198
13	CNN-subtrees		2.7088914	8.884195	14.44994
13	BEAST2		2.88097403247177	8.996083542105731	16.5195536588657
13	FFNN		2.990968	8.78683223604618	17.508659707891198
13	real-subtrees	0.82375001633051	3.2787066250248	9.47698129018983	18.046665397648106
13	real	0.82375001633051	3.2787066250248	9.47698129018983	18.046665397648106
14	FFNN-subtrees		2.396435	7.694493	6.1460915
14	real-subtrees	0.014676794147326	2.3771992733411	8.10354452399305	6.077078517359822
14	BEAST2		2.0999267380245104	8.67179441050829	3.85446351682514
14	real	0.014676794147326	2.3771992733411	8.10354452399305	6.077078517359822
14	CNN		2.146707	6.145314311702111	5.01052839719033
14	FFNN		2.146707	6.145314311702111	5.01052839719033
14	CNN-subtrees		2.2034540000000002	7.289384399999999	3.7629629999999996
15	real-subtrees	0.025057708098227	3.85206131224802	3.34186576530052	7.1937893590756214
15	BEAST2		3.5002269647412003	3.0214274692433305	6.76179776576797
15	real	0.025057708098227	3.85206131224802	3.34186576530052	7.1937893590756214
15	CNN-subtrees		3.7594682999999995	3.0038702	6.7291183000000006
15	CNN		3.1908498	2.86503606373179	5.669787809406049
15	FFNN		3.1908498	2.86503606373179	5.669787809406049
15	FFNN-subtrees		3.8351026	3.327293	5.8664966
16	FFNN		3.2122936	1.67991161376625	6.08279749039012
16	BEAST2		3.1479616656552003	1.9931422565438799	5.25956252641521
16	real	0.129623054853193	3.9949479425893	1.79149065871374	7.38398069737347
16	CNN-subtrees		3.3804442999999997	1.9279269	5.807358
16	CNN		3.2122936	1.67991161376625	6.08279749039012
16	FFNN-subtrees		3.46909	1.9606824	6.185134400000001
16	real-subtrees	0.129623054853193	3.9949479425893	1.79149065871374	7.38398069737347
17	FFNN-subtrees		1.5745111999999999	8.833234	22.892588
17	BEAST2		1.5521469839373	9.21894792856487	19.603666489847697
17	CNN-subtrees		1.5184908000000001	9.3083935	21.311487
17	real-subtrees	0.758180898887686	1.67504542234068	9.408068157617633	21.790845559297104
17	CNN		1.6062517	9.512003606306608	19.452453336457502
17	real	0.758180898887686	1.67504542234068	9.408068157617633	21.790845559297104
17	FFNN		1.6062517	9.512003606306608	19.452453336457502
18	real-subtrees	0.638127425862025	3.35014910331084	2.8506096825024505	8.739977543098709
18	real	0.638127425862025	3.35014910331084	2.8506096825024505	8.739977543098709
18	FFNN-subtrees		3.3730263999999996	2.4414344	9.957713
18	CNN		3.1046967999999997	2.48209805824693	9.15840539046265
18	CNN-subtrees		3.3104712999999997	2.3348307999999998	10.109817999999999
18	FFNN		3.1046967999999997	2.48209805824693	9.15840539046265
18	BEAST2		2.23848651093174	9.62964735933245	0.20839737197247896
19	FFNN-subtrees		3.4283638	5.003478	14.657012
19	CNN		3.4658208	4.6242297586089505	16.9563364169565
19	real	0.5576676637930279	4.38306193150078	5.97037742114318	15.8028742621907
19	FFNN		3.4658208	4.6242297586089505	16.9563364169565
19	CNN-subtrees		3.2504447	4.5261087	14.5729475
19	BEAST2		3.74885646323344	5.37020853722513	15.0472603555764
19	real-subtrees	0.5576676637930279	4.38306193150078	5.97037742114318	15.8028742621907
20	CNN		2.2830357999999995	5.44918994283507	18.1143206345778
20	real-subtrees	0.5988352752009151	2.23882941248729	4.68487788135906	20.1502523773989
20	CNN-subtrees		1.825953	5.3893757	15.682068
20	FFNN-subtrees		2.0166942999999997	4.757885	18.534147
20	FFNN		2.2830357999999995	5.44918994283507	18.1143206345778
20	real	0.5988352752009151	2.23882941248729	4.68487788135906	20.1502523773989
20	BEAST2		2.21100643657002	4.98901397836259	18.157769769932802
21	BEAST2		3.92361615118994	8.705334661975911	24.1626661112329
21	FFNN-subtrees		4.109653	9.40146	22.599491
21	CNN-subtrees		4.138145	9.318089500000001	22.585289000000003
21	FFNN		3.7518510000000003	9.241691240056038	20.630866018933002
21	real-subtrees	0.23075669136252305	4.84630092843636	8.57823430254331	33.9322694028504
21	real	0.23075669136252305	4.84630092843636	8.57823430254331	33.9322694028504
21	CNN		3.7518510000000003	9.241691240056038	20.630866018933002
22	FFNN		1.1773236	4.08328190808553	3.1467149424991203
22	real	0.360060548741338	1.15322918801059	6.06706834696025	1.50727662168014
22	BEAST2		1.21710802795206	7.034030931747839	0.508292087513434
22	CNN		1.1773236	4.08328190808553	3.1467149424991203
22	FFNN-subtrees		1.1883708	4.9349074	2.0908768
22	real-subtrees	0.360060548741338	1.15322918801059	6.06706834696025	1.50727662168014
22	CNN-subtrees		1.158412	4.282285	2.8969737999999996
23	CNN-subtrees		3.4910437999999995	7.666181	26.116808
23	real-subtrees	0.359062840569089	4.0298254642134905	8.61847006257589	31.702659014339694
23	real	0.359062840569089	4.0298254642134905	8.61847006257589	31.702659014339694
23	FFNN		3.5834637000000003	7.4044183838534705	28.8263721347367
23	BEAST2		3.61129734663827	7.3567256394940195	29.8137295218279
23	CNN		3.5834637000000003	7.4044183838534705	28.8263721347367
23	FFNN-subtrees		3.1325107000000005	7.5249896	24.965694
24	CNN-subtrees		3.6257453	4.4689364000000005	5.702268599999999
24	FFNN-subtrees		4.074942	4.3849525	6.330483
24	CNN		4.0908723	5.53851634532792	4.851217324464231
24	BEAST2		4.40997888163798	5.58987139474563	5.091083084523481
24	real	0.7447356683104871	3.96924042504782	5.741129579712732	4.1433916364608105
24	real-subtrees	0.7447356683104871	3.96924042504782	5.741129579712732	4.1433916364608105
24	FFNN		4.0908723	5.53851634532792	4.851217324464231
25	CNN		1.1458127	5.457505726521701	8.80624382259594
25	BEAST2		1.16164996045287	4.876297124047639	9.35045903817537
25	FFNN		1.1458127	5.457505726521701	8.80624382259594
25	CNN-subtrees		1.1368121	4.144194000000001	9.284475
25	real-subtrees	0.305363243821061	1.14050229224415	5.70262350311393	8.18360677598547
25	real	0.305363243821061	1.14050229224415	5.70262350311393	8.18360677598547
25	FFNN-subtrees		1.1961598	4.622255	9.156081
26	CNN-subtrees		2.4633176	4.948762400000001	13.923542999999999
26	real	0.25997681994349	2.3195963941993702	4.94215234992223	12.369233789476096
26	FFNN-subtrees		2.3403993	5.912888	11.286744
26	CNN		2.4588354	5.187188026912231	12.5153262415165
26	FFNN		2.4588354	5.187188026912231	12.5153262415165
26	real-subtrees	0.25997681994349	2.3195963941993702	4.94215234992223	12.369233789476096
26	BEAST2		2.38028314336654	5.16823504686124	12.0295994268102
27	CNN		1.8416622	6.80799091935947	9.787208451936891
27	BEAST2		1.9055491716461	7.552066930750929	10.1110313262254
27	FFNN		1.8416622	6.80799091935947	9.787208451936891
27	FFNN-subtrees		2.0503874	5.904200599999999	13.585107999999998
27	CNN-subtrees		1.9783490000000001	5.851956400000001	13.347509
27	real	0.05227976387643	2.01054887873158	8.23266690239892	9.85695683057168
27	real-subtrees	0.05227976387643	2.01054887873158	8.23266690239892	9.85695683057168
28	BEAST2		3.8487197216573	4.8699591455773605	9.143830222278869
28	real	0.611773575618017	2.9959329963935697	5.109194842728192	6.2192864554992315
28	FFNN-subtrees		4.147787	4.7532926	10.313149000000001
28	real-subtrees	0.611773575618017	2.9959329963935697	5.109194842728192	6.2192864554992315
28	CNN-subtrees		3.825918	4.3566769999999995	10.514732
28	FFNN		3.8949992999999994	4.603326505746709	9.892100476495802
28	CNN		3.8949992999999994	4.603326505746709	9.892100476495802
29	real-subtrees	0.158022100106939	3.05616761536964	7.48664516109171	33.3288729984297
29	BEAST2		2.78914210101881	7.421570504460111	32.8020776532969
29	CNN		2.8424462999999998	7.795467745616451	32.1668939671663
29	CNN-subtrees		2.6985197	7.349008	31.115698
29	real	0.158022100106939	3.05616761536964	7.48664516109171	33.3288729984297
29	FFNN		2.8424462999999998	7.795467745616451	32.1668939671663
29	FFNN-subtrees		2.7838912000000002	7.9591117	30.584806
30	CNN-subtrees		1.4937572000000001	1.2781533999999999	5.14509
30	FFNN		1.5217358	1.30321187277778	5.24800559917354
30	real	0.600737301602517	1.72017666453168	1.3904637788918	5.198780985185599
30	BEAST2		1.4397515234705502	6.0260443879078	0.208998651643385
30	CNN		1.5217358	1.30321187277778	5.24800559917354
30	real-subtrees	0.600737301602517	1.72017666453168	1.3904637788918	5.198780985185599
30	FFNN-subtrees		1.5867699	1.2602483	5.4573517
31	BEAST2		2.8760596537316094	9.619380122192132	0.209746116309136
31	FFNN		3.9803328999999996	2.97689795659171	7.29499150139358
31	real	0.8219365221323579	4.83352257416964	3.60292218047322	7.090688112857809
31	FFNN-subtrees		3.5911827000000005	3.002009	6.561488000000001
31	CNN		3.9803328999999996	2.97689795659171	7.29499150139358
31	CNN-subtrees		3.5202067	2.6400435	7.458408400000001
31	real-subtrees	0.8219365221323579	4.83352257416964	3.60292218047322	7.090688112857809
32	FFNN		1.68367	1.8317516557440001	4.01219981191388
32	FFNN-subtrees		1.7638894	2.1988406000000005	3.4751034
32	CNN-subtrees		1.78561	1.7758237000000001	4.1911926
32	real-subtrees	0.08444202266268201	1.7399685310640298	1.7272479769518403	4.2394156550818805
32	real	0.08444202266268201	1.7399685310640298	1.7272479769518403	4.2394156550818805
32	CNN		1.68367	1.8317516557440001	4.01219981191388
32	BEAST2		1.7079832315617098	2.01620626247021	3.8756463516737902
33	CNN-subtrees		4.0089684000000005	2.45819	8.251876
33	CNN		3.6386453999999997	2.32078461968956	7.54508906920597
33	real	0.223869740549289	3.1633138530102496	2.3009547883799	5.968402263527241
33	real-subtrees	0.223869740549289	3.1633138530102496	2.3009547883799	5.968402263527241
33	FFNN-subtrees		3.7605748	2.5304961	7.606426700000001
33	BEAST2		3.33063533616095	2.3968633800665198	6.76772722662284
33	FFNN		3.6386453999999997	2.32078461968956	7.54508906920597
34	CNN		1.1435363	4.3511067884655	4.770696501869501
34	real-subtrees	0.931273334593158	1.01487423149525	3.76321413276263	5.59779217084995
34	FFNN-subtrees		1.2456336000000001	3.6169555	6.597208999999999
34	FFNN		1.1435363	4.3511067884655	4.770696501869501
34	BEAST2		1.23157182770684	4.16201811661835	5.22395317293346
34	real	0.931273334593158	1.01487423149525	3.76321413276263	5.59779217084995
34	CNN-subtrees		1.2454778999999998	3.6002237999999998	6.496218700000001
35	BEAST2		1.5315879665313	7.647333990282941	11.4955640835072
35	real	0.350139560960445	1.49083594837275	8.31526735909764	9.797076646017231
35	FFNN-subtrees		1.4104091	8.128766	8.660647
35	FFNN		1.4963737	8.07907350880414	10.7222358993445
35	CNN-subtrees		1.4158077	8.729018	8.376266000000001
35	CNN		1.4963737	8.07907350880414	10.7222358993445
35	real-subtrees	0.350139560960445	1.49083594837275	8.31526735909764	9.797076646017231
36	FFNN		3.2360352999999997	7.22576731774296	16.3677725226176
36	real	0.344795403114044	3.93105259210447	8.881937125846449	19.120369433643894
36	real-subtrees	0.344795403114044	3.93105259210447	8.881937125846449	19.120369433643894
36	BEAST2		3.3438802689935696	7.80735870375983	16.6469129144511
36	CNN		3.2360352999999997	7.22576731774296	16.3677725226176
36	CNN-subtrees		3.7963536	7.1933727	19.05829
36	FFNN-subtrees		3.7453693999999995	7.1645117	19.678541
37	real	0.501978464893768	1.3742650754093502	5.0642598963171785	4.42532693694412
37	CNN		1.3732386	5.18245168284938	4.3799777332768794
37	FFNN		1.3732386	5.18245168284938	4.3799777332768794
37	CNN-subtrees		1.3911972	4.4959517	5.653168
37	FFNN-subtrees		1.3568375	5.214928	4.658681
37	BEAST2		1.38906632095728	5.02723374484888	4.66673827383043
37	real-subtrees	0.501978464893768	1.3742650754093502	5.0642598963171785	4.42532693694412
38	CNN-subtrees		2.3690342999999996	4.3219237	17.930296
38	FFNN-subtrees		2.5908136	4.314471	18.933526999999998
38	real	0.6273096415059279	3.07727365292248	4.79475713949371	19.9546589141951
38	BEAST2		3.0546866129297996	4.36383507210278	20.6246648662064
38	real-subtrees	0.6273096415059279	3.07727365292248	4.79475713949371	19.9546589141951
38	FFNN		2.5455105	4.38237106754862	18.3779596103218
38	CNN		2.5455105	4.38237106754862	18.3779596103218
39	FFNN		1.5504229999999999	9.11943242431342	37.1333097084846
39	FFNN-subtrees		2.0354185	9.757261999999999	38.562996000000005
39	real-subtrees	0.9395324424236692	1.57146328585449	9.00104682996095	40.278398416515294
39	CNN		1.5504229999999999	9.11943242431342	37.1333097084846
39	BEAST2		1.5159351621708999	8.9371448334044	36.917813957128
39	CNN-subtrees		2.101665	9.890724	37.795759999999994
39	real	0.9395324424236692	1.57146328585449	9.00104682996095	40.278398416515294
40	real	0.629964716453568	4.15494070501744	8.42586425725603	9.89966373192251
40	BEAST2		3.8105625165773795	7.2265760829363295	10.6605422049455
40	real-subtrees	0.629964716453568	4.15494070501744	8.42586425725603	9.89966373192251
40	FFNN		3.8622763	6.59247856652714	11.952322053357802
40	FFNN-subtrees		3.7226691	5.74089	13.348479000000001
40	CNN-subtrees		3.5858722000000003	6.3437557	11.661588
40	CNN		3.8622763	6.59247856652714	11.952322053357802
41	BEAST2		4.41479505353634	1.08529031908838	5.58455917792758
41	CNN		4.068155	1.1686697445046899	4.8017551355888
41	FFNN		4.068155	1.1686697445046899	4.8017551355888
41	real-subtrees	0.063667672771548	4.06637523247667	1.2671220979304298	4.585213929314009
41	FFNN-subtrees		4.139589	1.2165513000000001	4.872765
41	CNN-subtrees		3.9343626000000005	1.2169693000000001	4.4591303
41	real	0.063667672771548	4.06637523247667	1.2671220979304298	4.585213929314009
42	CNN-subtrees		4.101159	1.592441	3.4196123999999997
42	BEAST2		4.02565436852247	1.54542541084519	3.66795796260149
42	FFNN-subtrees		4.146007	1.6378844	3.4837875
42	real	0.279079521428259	4.5466895597653405	1.57023406761289	4.05503296613634
42	FFNN		4.3742166	1.5391203182832398	3.8652718833588797
42	CNN		4.3742166	1.5391203182832398	3.8652718833588797
42	real-subtrees	0.279079521428259	4.5466895597653405	1.57023406761289	4.05503296613634
43	real	0.776957855461345	4.80629529834599	9.42142780554648	39.83771800058121
43	CNN-subtrees		3.4792587999999998	8.023398	34.354458
43	real-subtrees	0.776957855461345	4.80629529834599	9.42142780554648	39.83771800058121
43	FFNN		4.1944594	8.72705209130087	40.473089708679
43	CNN		4.1944594	8.72705209130087	40.473089708679
43	BEAST2		4.4807965220798796	7.825716704481571	45.429977831367395
43	FFNN-subtrees		3.7835373999999997	8.230431	37.075726
44	CNN-subtrees		2.7575998	1.5494378999999998	0.87258905
44	FFNN-subtrees		3.0172873	1.5313383	1.0031870999999999
44	BEAST2		2.43841274907955	1.3667327825331	0.9001421736271908
44	FFNN		2.4642124	1.3156327107819599	0.9351478430761999
44	CNN		2.4642124	1.3156327107819599	0.9351478430761999
44	real	0.8341353021594431	2.4445386604725297	1.17593932653749	0.983107476013022
44	real-subtrees	0.8341353021594431	2.4445386604725297	1.17593932653749	0.983107476013022
45	real-subtrees	0.09000617059791301	4.77510273876587	9.33148927935169	2.77326229778473
45	BEAST2		4.57660457922556	8.59667033890828	3.0642564944073905
45	FFNN		4.5448794	8.24668720452696	2.85068208693692
45	real	0.09000617059791301	4.77510273876587	9.33148927935169	2.77326229778473
45	FFNN-subtrees		4.783862	7.704967999999999	3.4573355
45	CNN-subtrees		4.7074957	6.979848	3.925414
45	CNN		4.5448794	8.24668720452696	2.85068208693692
46	real-subtrees	0.539501293138565	2.23886091636104	3.83566473414944	1.96570680900873
46	CNN		2.2066202	3.8974368286342798	1.7688614238324698
46	FFNN-subtrees		2.0591197	3.6297705000000002	1.9536183999999996
46	BEAST2		2.29211999764565	4.303658093977971	1.6282574619319998
46	real	0.539501293138565	2.23886091636104	3.83566473414944	1.96570680900873
46	CNN-subtrees		1.9799752	4.0464826	1.4661591999999999
46	FFNN		2.2066202	3.8974368286342798	1.7688614238324698
47	FFNN-subtrees		2.2050528999999996	5.969736	4.5022283
47	CNN		2.2322992999999998	5.6008747901317895	5.374820631120759
47	real-subtrees	0.434385290645901	2.22277830859191	5.752676712336661	4.61600262271279
47	CNN-subtrees		2.11637	5.0377126	5.1800013
47	BEAST2		2.2582943005339704	6.34561410355842	4.6318665299355795
47	real	0.434385290645901	2.22277830859191	5.752676712336661	4.61600262271279
47	FFNN		2.2322992999999998	5.6008747901317895	5.374820631120759
48	BEAST2		3.45743901320247	3.8721125202975397	16.866314209940697
48	FFNN		3.3031059999999997	4.079384096644991	15.8828490987396
48	FFNN-subtrees		3.0943970000000003	4.3212824	13.263962
48	real	0.566260800361252	4.05565609960046	4.59774369860301	17.3380303847144
48	CNN-subtrees		3.1165847999999996	4.146387600000001	13.672123000000001
48	CNN		3.3031059999999997	4.079384096644991	15.8828490987396
48	real-subtrees	0.566260800361252	4.05565609960046	4.59774369860301	17.3380303847144
49	FFNN-subtrees		1.4514200000000002	8.616764	23.040267999999998
49	FFNN		1.4276857	8.45246784118263	21.6175109497271
49	CNN-subtrees		1.4131383999999998	8.463826	22.099106
49	CNN		1.4276857	8.45246784118263	21.6175109497271
49	real	0.257488166109756	1.38279094301121	8.25984993600249	22.0417235655544
49	BEAST2		1.4319849795674	7.873519758342099	22.7561794727896
49	real-subtrees	0.257488166109756	1.38279094301121	8.25984993600249	22.0417235655544
50	real	0.28866648045017795	1.19204012687899	1.8394465602146897	7.2323203353165315
50	CNN-subtrees		1.1106527	1.8723501	8.051716
50	BEAST2		1.1511080909339	9.54028818789641	0.20921616469765
50	real-subtrees	0.28866648045017795	1.19204012687899	1.8394465602146897	7.2323203353165315
50	FFNN		1.1521845	1.7808117184423402	8.10464147489408
50	CNN		1.1521845	1.7808117184423402	8.10464147489408
50	FFNN-subtrees		1.1025902	1.8761889999999999	7.927477400000001
51	real-subtrees	0.41069160617170297	2.9568373329385698	2.08831109833742	4.3321703692853
51	FFNN		2.5568642999999995	1.80479178455336	3.9822265546548397
51	CNN		2.5568642999999995	1.80479178455336	3.9822265546548397
51	real	0.41069160617170297	2.9568373329385698	2.08831109833742	4.3321703692853
51	FFNN-subtrees		2.8964095000000003	1.5812153999999998	4.908529
51	CNN-subtrees		2.629508	1.6799113999999997	4.2559485
51	BEAST2		2.8782908833454	1.73921108049746	4.690371703481969
52	CNN-subtrees		3.2298422	3.720453	4.954359999999999
52	BEAST2		3.82017377004859	4.08997305952303	6.7459980724334505
52	FFNN-subtrees		3.3478646	3.6158316	5.909117
52	real	0.06056769338979099	4.27641779593199	4.6382280649679295	6.33109710938554
52	real-subtrees	0.06056769338979099	4.27641779593199	4.6382280649679295	6.33109710938554
52	CNN		3.5558254999999996	3.95467599468553	6.066549621070269
52	FFNN		3.5558254999999996	3.95467599468553	6.066549621070269
53	CNN-subtrees		4.618062999999999	9.25625	5.1888312999999995
53	real	0.117591641176865	4.35271400703464	7.75783270825485	7.26935607694258
53	FFNN-subtrees		4.584186	7.8174304999999995	7.2667399999999995
53	real-subtrees	0.117591641176865	4.35271400703464	7.75783270825485	7.26935607694258
53	FFNN		4.404443700000001	8.10279710626168	6.54215164714302
53	BEAST2		4.63995251584502	7.4190681942164405	8.35669474466093
53	CNN		4.404443700000001	8.10279710626168	6.54215164714302
54	FFNN-subtrees		1.9290223999999998	6.9972606	12.208407000000001
54	BEAST2		2.0663020704491397	7.6389453215615495	10.7624136227251
54	CNN		2.0303292	7.623170730005961	10.692307713349802
54	CNN-subtrees		1.9612798999999999	6.043235	14.032009
54	real-subtrees	0.571322235379891	1.9749805222978705	6.95358021316218	11.2720391262409
54	real	0.571322235379891	1.9749805222978705	6.95358021316218	11.2720391262409
54	FFNN		2.0303292	7.623170730005961	10.692307713349802
55	BEAST2		4.62994850210196	2.15916319850666	3.35583826793136
55	real	0.8474586090916709	4.43540423997807	1.97779544752107	3.84759677864091
55	CNN		4.581233	2.2713081575580096	3.06932069219082
55	real-subtrees	0.8474586090916709	4.43540423997807	1.97779544752107	3.84759677864091
55	CNN-subtrees		4.510326	2.1198037	2.8842106
55	FFNN-subtrees		4.5562825	2.3094723	2.7628465
55	FFNN		4.581233	2.2713081575580096	3.06932069219082
56	FFNN-subtrees		1.575825	7.3451004	21.782170999999998
56	real-subtrees	0.06207959311582401	1.54557110208534	8.4706660782534	19.2260019225785
56	CNN		1.570857	9.98634407375252	17.8337857885281
56	BEAST2		1.5480556416639097	8.85765851910056	19.730526583308002
56	FFNN		1.570857	9.98634407375252	17.8337857885281
56	CNN-subtrees		1.5442977	8.48895	18.639584
56	real	0.06207959311582401	1.54557110208534	8.4706660782534	19.2260019225785
57	real	0.219527252953044	4.05290603811312	5.1933479085512815	8.14385438762776
57	CNN		4.7057734	5.67937824174816	8.39132882222909
57	FFNN		4.7057734	5.67937824174816	8.39132882222909
57	real-subtrees	0.219527252953044	4.05290603811312	5.1933479085512815	8.14385438762776
57	FFNN-subtrees		4.4034805	4.674447	9.371672
57	BEAST2		4.5944062060578705	5.478446672226469	8.73684369021725
57	CNN-subtrees		4.1148242999999995	6.3059187	5.5190444
58	real-subtrees	0.331334667592652	1.8210565986674896	5.1841243890638	1.09452613528114
58	real	0.331334667592652	1.8210565986674896	5.1841243890638	1.09452613528114
58	BEAST2		1.7035837928131898	5.0303185913008495	0.8672007257361322
58	FFNN		1.6781735	4.54661412800267	1.23423095831505
58	CNN		1.6781735	4.54661412800267	1.23423095831505
58	FFNN-subtrees		1.7727991	3.9377224	1.5311185
58	CNN-subtrees		1.8040133000000003	4.1415443	1.3037828000000002
59	FFNN-subtrees		2.9344115	1.5429294	6.5293
59	FFNN		3.0179534	1.9295654679469498	6.04992192638113
59	CNN		3.0179534	1.9295654679469498	6.04992192638113
59	CNN-subtrees		2.7884605	1.4848527	6.417049400000001
59	BEAST2		2.4446718085013903	7.31775106460186	0.20731964493167498
59	real	0.63595888224514	3.33964334277251	1.96657819449216	5.2546910677685394
59	real-subtrees	0.63595888224514	3.33964334277251	1.96657819449216	5.2546910677685394
60	real	0.880710646337615	1.7008125808656498	6.131473674946902	8.129917510361299
60	CNN-subtrees		1.6845154999999998	6.636309599999999	7.814278
60	CNN		1.61156	5.45566777604991	8.23105500223932
60	BEAST2		1.63914378798614	5.799248210609901	7.87111702501963
60	FFNN		1.61156	5.45566777604991	8.23105500223932
60	FFNN-subtrees		1.6531035	6.247057	8.161700999999999
60	real-subtrees	0.880710646337615	1.7008125808656498	6.131473674946902	8.129917510361299
61	real	0.7442083574994129	4.1752821167205285	4.756490698987291	14.2755218086949
61	FFNN		2.917541	4.730872756026121	7.805221222756081
61	real-subtrees	0.7442083574994129	4.1752821167205285	4.756490698987291	14.2755218086949
61	CNN-subtrees		3.0647595	4.5801067	8.169414
61	FFNN-subtrees		3.266449	4.436389	9.469198
61	CNN		2.917541	4.730872756026121	7.805221222756081
61	BEAST2		2.97461221762386	4.44413675496694	8.82280730850142
62	BEAST2		3.71047059999036	3.19234805400157	5.98818506012897
62	CNN		3.8735592000000003	2.88483588914949	6.570948455594749
62	real	0.137429473566679	3.11403048797976	2.55698851154331	5.9214301428623495
62	CNN-subtrees		3.7292775999999996	2.1622376	7.202303
62	FFNN-subtrees		3.455968	2.6462145	5.948071499999999
62	FFNN		3.8735592000000003	2.88483588914949	6.570948455594749
62	real-subtrees	0.137429473566679	3.11403048797976	2.55698851154331	5.9214301428623495
63	FFNN-subtrees		3.345004	9.950249000000001	29.142954
63	FFNN		3.9848470000000002	10.4030644127602	33.516910740669
63	real-subtrees	0.07098842626741701	4.74473762596172	9.53062746445857	46.4074913934626
63	CNN		3.9848470000000002	10.4030644127602	33.516910740669
63	real	0.07098842626741701	4.74473762596172	9.53062746445857	46.4074913934626
63	CNN-subtrees		3.8514800000000005	10.543069000000001	30.500788
63	BEAST2		3.63682592654988	9.21780727751837	33.264193663351804
64	CNN-subtrees		1.1239367	5.9531730000000005	26.364237
64	real	0.524067573402039	1.07081631306504	5.4030220590378	26.517426896718696
64	real-subtrees	0.524067573402039	1.07081631306504	5.4030220590378	26.517426896718696
64	BEAST2		1.1720169153215	6.30074637930294	25.4440658767517
64	FFNN		1.1124698	6.48174707082335	24.8156111100482
64	FFNN-subtrees		1.1190033000000001	6.6509789999999995	26.809883000000003
64	CNN		1.1124698	6.48174707082335	24.8156111100482
65	FFNN-subtrees		3.7777677000000005	2.3690307	1.208596
65	real	0.7316640407464409	4.155766622055831	2.2182581502140803	1.84043303226318
65	FFNN		3.8335958	2.26149245740325	1.50591843191266
65	CNN-subtrees		3.6740448	2.4528722999999997	1.0345776
65	real-subtrees	0.7316640407464409	4.155766622055831	2.2182581502140803	1.84043303226318
65	CNN		3.8335958	2.26149245740325	1.50591843191266
65	BEAST2		3.9587825925110494	2.39545318372741	1.46976221461716
66	BEAST2		2.85271026889912	6.24685964039577	16.273702168195502
66	CNN-subtrees		2.9269984	5.188761	18.902874
66	real-subtrees	0.669291842439362	3.00169853563115	6.149145168814959	19.4952790150872
66	FFNN		2.7777543	5.77554839829717	16.6045046383731
66	FFNN-subtrees		3.2410674	5.654586	19.030855
66	real	0.669291842439362	3.00169853563115	6.149145168814959	19.4952790150872
66	CNN		2.7777543	5.77554839829717	16.6045046383731
67	BEAST2		1.04244436514968	9.937643333176581	0.21629215629212398
67	real	0.526703751306	1.28529114964054	2.82993173871808	11.5654912504229
67	FFNN		1.2587837	3.05351916389664	10.0982703575117
67	FFNN-subtrees		1.3489229999999999	2.6001517999999995	10.927758
67	CNN-subtrees		1.3262303	2.936636	10.808282
67	CNN		1.2587837	3.05351916389664	10.0982703575117
67	real-subtrees	0.526703751306	1.28529114964054	2.82993173871808	11.5654912504229
68	FFNN		3.1882957999999997	3.46721121035519	11.5060645345048
68	real	0.177217400892237	3.96998251544246	3.98798162887253	13.837922024670501
68	BEAST2		3.1552081704811603	3.7974245238955198	10.8993011145137
68	CNN-subtrees		3.5036480000000005	3.5222241999999997	12.974225
68	FFNN-subtrees		3.3850417	3.635272	12.160917
68	real-subtrees	0.177217400892237	3.96998251544246	3.98798162887253	13.837922024670501
68	CNN		3.1882957999999997	3.46721121035519	11.5060645345048
69	real-subtrees	0.35063685813030804	3.7147277137717096	3.19199639687581	12.6435250018444
69	real	0.35063685813030804	3.7147277137717096	3.19199639687581	12.6435250018444
69	CNN-subtrees		3.2944095	3.3891191	10.429014
69	CNN		3.3730027999999996	3.49354303567564	9.89823529660642
69	FFNN		3.3730027999999996	3.49354303567564	9.89823529660642
69	BEAST2		2.0625475157141597	9.906213987216821	0.21549553320405201
69	FFNN-subtrees		3.6470013	3.4912386	11.186249
70	real	0.584157405024765	3.6066449205014495	2.5858653820535498	3.67237663053145
70	CNN		3.8058553	3.01458511927172	3.0422411493561
70	FFNN		3.8058553	3.01458511927172	3.0422411493561
70	BEAST2		3.8268266426375095	2.90276204918172	3.2741439470819502
70	real-subtrees	0.584157405024765	3.6066449205014495	2.5858653820535498	3.67237663053145
70	FFNN-subtrees		4.167587	2.6724877	4.09131
70	CNN-subtrees		4.226024	2.565624	4.203248
71	real	0.4615968161577801	3.76390209661753	8.23173143529876	7.652435272194282
71	BEAST2		3.5817489752617204	9.01250979501118	6.42646690941581
71	FFNN-subtrees		3.9227279999999998	11.77864	4.3294983
71	CNN-subtrees		3.9744089999999996	9.955206	5.376302
71	FFNN		3.9367360000000002	8.696402539291629	7.240714387215941
71	CNN		3.9367360000000002	8.696402539291629	7.240714387215941
71	real-subtrees	0.4615968161577801	3.76390209661753	8.23173143529876	7.652435272194282
72	real	0.319331660323189	1.1050831595465902	4.616292823897731	14.6961620763065
72	CNN-subtrees		1.0758951	6.8529425	12.629997
72	CNN		1.073659	5.44679710139215	14.6119422437092
72	FFNN		1.073659	5.44679710139215	14.6119422437092
72	BEAST2		1.10332863933141	4.87062528511674	15.0303858085043
72	FFNN-subtrees		1.0735860000000002	6.1507163	13.764785999999999
72	real-subtrees	0.319331660323189	1.1050831595465902	4.616292823897731	14.6961620763065
73	FFNN		2.4075499	7.6601725601937405	19.4177508356038
73	CNN		2.4075499	7.6601725601937405	19.4177508356038
73	CNN-subtrees		3.0159688	7.346885	23.748537
73	real-subtrees	0.7415413138540641	2.30992974319742	7.259459586966162	21.9750525123642
73	real	0.7415413138540641	2.30992974319742	7.259459586966162	21.9750525123642
73	FFNN-subtrees		2.8224726	8.893094999999999	19.66991
73	BEAST2		2.42669032684585	7.7851344627092995	19.1844534542983
74	CNN		3.3044538	2.64862241034384	6.90828740766608
74	BEAST2		3.0	5.5	25.1
74	FFNN-subtrees		3.4244947	3.0463482999999996	5.7703404
74	real	0.32800346569803995	3.5023546014584	3.0992487172362995	6.35722610832178
74	real-subtrees	0.32800346569803995	3.5023546014584	3.0992487172362995	6.35722610832178
74	FFNN		3.3044538	2.64862241034384	6.90828740766608
74	CNN-subtrees		3.471114	2.5808809	6.6491027
75	real	0.605017677164895	3.9837586048527793	7.83541433837908	17.3018441189359
75	real-subtrees	0.605017677164895	3.9837586048527793	7.83541433837908	17.3018441189359
75	BEAST2		3.6339771556579	7.4327300532184895	17.6402094232652
75	CNN		3.4887452000000003	7.612022350578769	16.626562664872598
75	FFNN-subtrees		3.7704230000000005	6.815489299999999	20.819687
75	FFNN		3.4887452000000003	7.612022350578769	16.626562664872598
75	CNN-subtrees		3.7871608999999995	6.6323365999999995	20.535792999999998
76	CNN-subtrees		3.7067232000000003	2.487891	6.360772
76	real	0.691824159284543	2.94847853908803	2.25787090243505	5.7917705331150495
76	FFNN-subtrees		3.5165591	2.6178619999999997	6.2466154000000005
76	BEAST2		2.7219125959448	8.704334163840059	0.208814613371566
76	CNN		3.5200481	2.21617520367771	7.52985413044538
76	real-subtrees	0.691824159284543	2.94847853908803	2.25787090243505	5.7917705331150495
76	FFNN		3.5200481	2.21617520367771	7.52985413044538
77	BEAST2		4.37922178656777	1.26979283888953	3.02574698380234
77	FFNN		4.1177244	1.28717712400779	2.73819310383623
77	FFNN-subtrees		4.361157	1.1479961	3.2004807
77	real	0.362849399126009	3.6423107674294704	1.12685501265667	3.29533276549363
77	CNN-subtrees		4.2181053	1.3484695	2.5829535
77	real-subtrees	0.362849399126009	3.6423107674294704	1.12685501265667	3.29533276549363
77	CNN		4.1177244	1.28717712400779	2.73819310383623
78	CNN		4.258643599999999	10.995250685355801	33.5038075248096
78	FFNN-subtrees		3.5092196	9.073457000000001	34.427002
78	FFNN		4.258643599999999	10.995250685355801	33.5038075248096
78	real-subtrees	0.90701115427255	4.78418623789866	9.73926986512073	40.0273567897926
78	real	0.90701115427255	4.78418623789866	9.73926986512073	40.0273567897926
78	BEAST2		4.01450072910006	9.57444569052861	36.7015550004581
78	CNN-subtrees		3.5503685	10.032842	32.12637
79	FFNN		1.0586505	5.31477142488375	7.4416248760545995
79	FFNN-subtrees		1.0550892	6.127679	6.077091
79	real	0.176087602239528	1.1109038286238	4.96084152558445	7.44992680532855
79	CNN		1.0586505	5.31477142488375	7.4416248760545995
79	BEAST2		1.07542086409867	6.10478414695516	6.735546554842191
79	real-subtrees	0.176087602239528	1.1109038286238	4.96084152558445	7.44992680532855
79	CNN-subtrees		1.062439	5.1817665	6.9948416
80	FFNN-subtrees		4.1183879999999995	4.501001400000001	19.416086
80	real	0.7823454687341759	4.31499703164031	4.81485810636534	21.4907377532297
80	real-subtrees	0.7823454687341759	4.31499703164031	4.81485810636534	21.4907377532297
80	CNN		3.8276784	4.8594862884488705	19.3605852329272
80	BEAST2		4.20474503468849	4.983289109689389	20.6220028600213
80	FFNN		3.8276784	4.8594862884488705	19.3605852329272
80	CNN-subtrees		3.9351568	4.585702400000001	18.60674
81	CNN-subtrees		2.8726976000000004	8.327501	26.219759999999997
81	real-subtrees	0.504524531724421	3.48713468935426	8.48318011449799	30.1605839458137
81	FFNN-subtrees		2.8621802000000005	9.287204	24.998829
81	real	0.504524531724421	3.48713468935426	8.48318011449799	30.1605839458137
81	BEAST2		2.8698247520763	7.63879192486992	27.9047320831196
81	FFNN		2.9273843999999998	7.52412497177521	28.401749372146803
81	CNN		2.9273843999999998	7.52412497177521	28.401749372146803
82	real-subtrees	0.903842773768335	4.57730536616739	6.25705766713148	25.9887223989865
82	real	0.903842773768335	4.57730536616739	6.25705766713148	25.9887223989865
82	BEAST2		4.76852079416177	7.348907402481309	19.879911076156898
82	FFNN		4.7866583	7.20423561269229	20.3279542999022
82	CNN		4.7866583	7.20423561269229	20.3279542999022
82	CNN-subtrees		4.4274949999999995	6.7144985	19.482834
82	FFNN-subtrees		4.454011	6.763024000000001	19.475763
83	BEAST2		3.4934556686784903	4.8165769519023796	17.895742074052897
83	FFNN		3.4503272000000003	4.552992927398259	18.8201751006923
83	real-subtrees	0.6175750552243111	3.9099870824619902	4.8209912275619295	15.551293176827901
83	CNN		3.4503272000000003	4.552992927398259	18.8201751006923
83	CNN-subtrees		3.2657727999999997	4.362502	18.062216
83	FFNN-subtrees		3.4095120000000003	4.6355863	18.17142
83	real	0.6175750552243111	3.9099870824619902	4.8209912275619295	15.551293176827901
84	real-subtrees	0.887936182248978	3.4327787260245	7.874902465217482	16.539862710018898
84	BEAST2		4.028623364650951	7.70990112756523	20.765061428219102
84	FFNN-subtrees		3.9043636	7.0695524	23.649662
84	CNN		4.117184	6.897924339673869	23.3661781105264
84	real	0.887936182248978	3.4327787260245	7.874902465217482	16.539862710018898
84	CNN-subtrees		3.8741605000000003	7.0754137	24.134035
84	FFNN		4.117184	6.897924339673869	23.3661781105264
85	CNN-subtrees		4.639387999999999	7.817446	4.458099400000001
85	real-subtrees	0.8128307659723	3.87509499982979	6.846379690426871	4.76812724989863
85	BEAST2		4.61497415477407	7.48488350385808	4.890269301161459
85	real	0.8128307659723	3.87509499982979	6.846379690426871	4.76812724989863
85	FFNN-subtrees		4.60007	7.692381	4.853650599999999
85	CNN		4.6884155	6.94839689236413	5.32842310056104
85	FFNN		4.6884155	6.94839689236413	5.32842310056104
86	BEAST2		1.43084228837915	4.0958313204128505	12.2768994936004
86	CNN-subtrees		1.415628	3.7617462	12.194585
86	real-subtrees	0.15070290584563598	1.4563783040666398	4.01290181923844	13.10296561384
86	FFNN		1.4392629	4.422392836128941	11.9256354437065
86	FFNN-subtrees		1.3791474	3.757154	12.230273
86	CNN		1.4392629	4.422392836128941	11.9256354437065
86	real	0.15070290584563598	1.4563783040666398	4.01290181923844	13.10296561384
87	BEAST2		1.17321072999988	9.07668180055431	25.9749418854517
87	FFNN-subtrees		1.1928040000000002	8.259314999999999	25.387825
87	real-subtrees	0.124218461890226	1.21122253726497	9.31956530121985	25.752343331930398
87	CNN-subtrees		1.1872206	7.2073197	26.535304999999997
87	real	0.124218461890226	1.21122253726497	9.31956530121985	25.752343331930398
87	FFNN		1.1619135	9.73642356714882	25.4895830475645
87	CNN		1.1619135	9.73642356714882	25.4895830475645
88	FFNN		4.5086837	2.43079941711854	1.72040018279418
88	CNN		4.5086837	2.43079941711854	1.72040018279418
88	BEAST2		4.64456510057376	2.4762070246219703	1.7664653059971598
88	FFNN-subtrees		4.7490735	2.5416553	1.8542341
88	CNN-subtrees		4.770646599999999	2.2155674	2.0046036
88	real	0.287064654218774	4.28487210861018	2.19354796777215	2.01941169696394
88	real-subtrees	0.287064654218774	4.28487210861018	2.19354796777215	2.01941169696394
89	real-subtrees	0.7978862096114008	4.74084457762634	5.0707642412859	17.368397048127502
89	BEAST2		3.6510140246723197	4.25515499217583	15.473801516877801
89	CNN		3.3360426	4.24745617999533	14.6726582824352
89	FFNN		3.3360426	4.24745617999533	14.6726582824352
89	CNN-subtrees		2.896521	3.6813498	13.919751999999999
89	FFNN-subtrees		3.2866616	3.8174152	14.683760000000001
89	real	0.7978862096114008	4.74084457762634	5.0707642412859	17.368397048127502
90	BEAST2		4.45992988043664	2.6395655608963797	4.57588076605416
90	CNN		4.476902	2.4397613345141203	4.9500627372183
90	FFNN		4.476902	2.4397613345141203	4.9500627372183
90	FFNN-subtrees		4.316161599999999	2.5367916	4.651646599999999
90	real-subtrees	0.575876588981556	4.15723317478371	2.86303043868921	3.585094943731
90	real	0.575876588981556	4.15723317478371	2.86303043868921	3.585094943731
90	CNN-subtrees		4.509624	2.4016222999999997	4.8114557
91	CNN		1.3651556	8.69674964698933	39.7211333791608
91	FFNN		1.3651556	8.69674964698933	39.7211333791608
91	FFNN-subtrees		1.3308708999999999	9.219849	39.730957000000004
91	CNN-subtrees		1.2738237	8.752586	39.576622
91	BEAST2		1.3446569152210501	8.67857862189928	40.0381153980424
91	real-subtrees	0.5723858711868559	1.29751231922884	8.32565593468494	40.25210715500271
91	real	0.5723858711868559	1.29751231922884	8.32565593468494	40.25210715500271
92	CNN		3.6065123	7.64636797422345	31.2717168011298
92	BEAST2		3.63671607404387	7.168490380397	32.0066206718532
92	real-subtrees	0.024412580832833	3.37002602193618	6.913123575342669	30.1384006494361
92	real	0.024412580832833	3.37002602193618	6.913123575342669	30.1384006494361
92	FFNN		3.6065123	7.64636797422345	31.2717168011298
92	CNN-subtrees		2.3974497	5.0026097	19.885504
92	FFNN-subtrees		2.4815774	5.2781796	21.55666
93	BEAST2		3.03454773053331	8.04518888887465	35.5150045036623
93	CNN		2.7714505000000003	8.19425171973181	32.6053251060003
93	CNN-subtrees		3.5293474000000002	9.607225	37.815636
93	FFNN		2.7714505000000003	8.19425171973181	32.6053251060003
93	real-subtrees	0.176422734291013	3.1024852520299704	9.20317733157302	34.9784667487843
93	FFNN-subtrees		3.1504988999999997	8.840309	35.88221
93	real	0.176422734291013	3.1024852520299704	9.20317733157302	34.9784667487843
94	FFNN		4.0191865	4.19872220425038	6.746748098646769
94	CNN-subtrees		4.3703637	3.7718345999999996	8.602411
94	real	0.7397061400763271	4.61350742894217	3.86156546663346	10.7521578321076
94	real-subtrees	0.7397061400763271	4.61350742894217	3.86156546663346	10.7521578321076
94	FFNN-subtrees		4.5841007000000005	3.7421575	9.386453999999999
94	BEAST2		4.14228050497885	3.96742202662992	7.64735439150398
94	CNN		4.0191865	4.19872220425038	6.746748098646769
95	CNN-subtrees		3.6177309	9.282597	39.608753
95	real-subtrees	0.7234656189874109	4.22756841807907	9.69442839073066	48.1190903267137
95	BEAST2		3.28330228924936	8.60191054329277	40.2990146827955
95	FFNN		3.270573	8.89364000897809	37.6488293601126
95	real	0.7234656189874109	4.22756841807907	9.69442839073066	48.1190903267137
95	CNN		3.270573	8.89364000897809	37.6488293601126
95	FFNN-subtrees		3.7141437999999996	9.600986500000001	41.337894
96	FFNN		2.9926698	1.9775672422876698	4.03787806243698
96	real	0.278416699249097	2.92653416212663	2.25489779243658	3.4321089284242405
96	CNN		2.9926698	1.9775672422876698	4.03787806243698
96	real-subtrees	0.278416699249097	2.92653416212663	2.25489779243658	3.4321089284242405
96	FFNN-subtrees		2.5962882	2.209915	2.7144678
96	CNN-subtrees		2.738969	2.2630227	2.6332883999999996
96	BEAST2		3.00275538454598	2.13373532409181	3.66502344513189
97	CNN-subtrees		2.0582279999999997	6.664119	23.437898999999998
97	real-subtrees	0.480294746543074	2.13162713890358	6.5992052881296805	25.5444691629199
97	real	0.480294746543074	2.13162713890358	6.5992052881296805	25.5444691629199
97	FFNN-subtrees		2.1751714	6.468900700000001	24.94519
97	BEAST2		2.23360801311872	7.344550235183361	23.7571418502517
97	FFNN		2.2190652	7.65153614140783	22.490929058091698
97	CNN		2.2190652	7.65153614140783	22.490929058091698
98	BEAST2		1.28423432323957	9.415814651572829	43.90934257757421
98	CNN-subtrees		1.1817216999999998	9.748714	43.103928
98	FFNN		1.2506129	10.1783599593565	42.5374372358105
98	real	0.32154396609581104	1.126430673328	9.3008895528065	43.6483772247317
98	CNN		1.2506129	10.1783599593565	42.5374372358105
98	FFNN-subtrees		1.1705743999999998	10.155437	43.167946
98	real-subtrees	0.32154396609581104	1.126430673328	9.3008895528065	43.6483772247317
99	CNN-subtrees		1.4058396999999998	6.460594	10.743094000000001
99	real-subtrees	0.894496690411466	1.54351097069941	8.14045653610895	9.47195885921887
99	BEAST2		1.4955040179998702	7.83530599341588	9.47624064901336
99	FFNN		1.4326549	7.41958242515309	9.66697937193424
99	real	0.894496690411466	1.54351097069941	8.14045653610895	9.47195885921887
99	CNN		1.4326549	7.41958242515309	9.66697937193424
99	FFNN-subtrees		1.4161677	7.4477983	9.63728
